date_of_census,total_adults_in_shelter,total_children_in_shelter,total_individuals_in_shelter,single_adult_men_in_shelter,single_adult_women_in_shelter,total_single_adults_in_shelter,families_with_children_in_shelter,adults_in_families_with_children_in_shelter,children_in_families_with_children_in_shelter,total_individuals_in_families_with_children_in_shelter_,adult_families_in_shelter,individuals_in_adult_families_in_shelter,avg_num_single_adult_men_in_shelter,avg_num_single_adult_women_in_shelter
2024-05-22,53751,32578,86329,15278,5019,20297,18927,29504,32578,62082,1834,3950,3.5181960989658334,10.709503885236103
2024-05-21,53799,32612,86411,15322,5016,20338,18942,29527,32612,62139,1828,3934,3.5112256885524085,10.72547846889952
2024-05-20,53776,32576,86352,15309,5009,20318,18937,29515,32576,62091,1831,3943,3.51270494480371,10.735875424236374
2024-05-19,53739,32555,86294,15269,5012,20281,18934,29519,32555,62074,1828,3939,3.5194839216713603,10.722067039106145
2024-05-18,53663,32519,86182,15257,4983,20240,18914,29489,32519,62008,1826,3934,3.517270760962181,10.769215332129239
2024-05-17,53729,32604,86333,15240,4973,20213,18962,29565,32604,62169,1834,3951,3.5255249343832022,10.804142368791474
2024-05-16,53803,32676,86479,15267,5009,20276,18991,29594,32676,62270,1826,3933,3.5241370275758173,10.741265721700938
2024-05-15,53897,32737,86634,15254,5018,20272,19030,29655,32737,62392,1844,3970,3.5333027402648485,10.740733359904345
2024-05-14,53835,32647,86482,15232,5020,20252,18987,29599,32647,62246,1850,3984,3.5343356092436973,10.724103585657371
2024-05-13,53829,32634,86463,15277,5021,20298,18970,29590,32634,62224,1829,3941,3.523532107089088,10.720772754431389
2024-05-12,53838,32715,86553,15208,5023,20231,19036,29677,32715,62392,1824,3930,3.540110468174645,10.718295839139957
2024-05-11,53894,32683,86577,15281,5038,20319,18999,29631,32683,62314,1831,3944,3.52686342516851,10.697499007542676
2024-05-10,53903,32674,86577,15288,5032,20320,19002,29625,32674,62299,1837,3958,3.525837257980115,10.712042925278219
2024-05-09,54114,32744,86858,15458,5016,20474,19028,29673,32744,62417,1840,3967,3.500711605641092,10.788277511961722
2024-05-08,54060,32754,86814,15406,5011,20417,19021,29664,32754,62418,1847,3979,3.5090224587822925,10.788265815206545
2024-05-07,54050,32715,86765,15435,4996,20431,19006,29649,32715,62364,1843,3970,3.501781665046971,10.818654923939151
2024-05-06,54089,32723,86812,15456,5009,20465,19002,29646,32723,62369,1847,3978,3.4995471014492754,10.798362946695947
2024-05-05,54028,32732,86760,15431,4985,20416,18999,29636,32732,62368,1846,3976,3.501263689974726,10.838114343029087
2024-05-04,53993,32699,86692,15406,4985,20391,18980,29611,32699,62310,1853,3991,3.5046735038296766,10.831093279839518
2024-05-03,53983,32639,86622,15399,4998,20397,18949,29581,32639,62220,1860,4005,3.5056172478732384,10.800920368147258
2024-05-02,54024,32634,86658,15446,5002,20448,18941,29570,32634,62204,1861,4006,3.497604557814321,10.80047980807677
2024-05-01,53913,32544,86457,15432,4993,20425,18887,29492,32544,62036,1856,3996,3.493584758942457,10.797716803524935
2024-04-30,53853,32530,86383,15375,5018,20393,18873,29477,32530,62007,1850,3983,3.5026341463414634,10.731964926265444
2024-04-29,53803,32513,86316,15297,5027,20324,18865,29475,32513,61988,1859,4004,3.517225599790809,10.702804853789537
2024-04-28,53697,32521,86218,15226,5009,20235,18860,29484,32521,62005,1845,3978,3.5266649152765006,10.720103813136355
2024-04-27,53690,32493,86183,15236,5010,20246,18844,29465,32493,61958,1847,3979,3.5238907849829353,10.716566866267465
2024-04-26,53680,32424,86104,15251,5022,20273,18809,29414,32424,61838,1854,3993,3.5197691954625925,10.688968538430904
2024-04-25,53732,32431,86163,15321,5003,20324,18824,29427,32431,61858,1849,3981,3.507081783173422,10.739956026384169
2024-04-24,53773,32435,86208,15289,5049,20338,18826,29439,32435,61874,1858,3996,3.5171038001177317,10.650227767874826
2024-04-23,53669,32382,86051,15243,5068,20311,18775,29365,32382,61747,1857,3993,3.5208948369743487,10.589779005524862
2024-04-22,53590,32375,85965,15174,5035,20209,18775,29372,32375,61747,1864,4009,3.531698958745222,10.643495531281033
2024-04-21,53505,32386,85891,15097,5041,20138,18780,29386,32386,61772,1850,3981,3.54408160561701,10.61396548303908
2024-04-20,53457,32373,85830,15043,5024,20067,18784,29393,32373,61766,1858,3997,3.5536129761350796,10.64032643312102
2024-04-19,53622,32463,86085,15104,5060,20164,18838,29465,32463,61928,1858,3993,3.550185381355932,10.597233201581028
2024-04-18,53701,32537,86238,15106,5054,20160,18883,29542,32537,62079,1860,3999,3.5549450549450547,10.625445191927186
2024-04-17,53553,32494,86047,15009,5058,20067,18857,29511,32494,62005,1848,3975,3.568059164501299,10.587781731909846
2024-04-16,53479,32452,85931,14952,5050,20002,18847,29481,32452,61933,1857,3996,3.5767121455323703,10.589900990099009
2024-04-15,52884,31934,84818,14904,5012,19916,18577,28957,31934,60891,1864,4011,3.5483091787439616,10.551476456504389
2024-04-14,52890,32007,84897,14887,5000,19887,18608,28999,32007,61006,1861,4004,3.552764156646739,10.578
2024-04-13,52977,31976,84953,14941,5014,19955,18585,28981,31976,60957,1880,4041,3.545746603306338,10.565815715995214
2024-04-12,53000,31983,84983,14910,5033,19943,18594,29003,31983,60986,1886,4054,3.5546613011401744,10.530498708523742
2024-04-11,53171,32018,85189,15001,5042,20043,18614,29029,32018,61047,1905,4099,3.544497033531098,10.54561681872273
2024-04-10,53243,32000,85243,14920,5055,19975,18599,29034,32000,61034,1972,4234,3.5685656836461126,10.532739861523245
2024-04-09,53298,31992,85290,14931,5027,19958,18600,29051,31992,61043,1998,4289,3.569620253164557,10.602347324447981
2024-04-08,53333,32012,85345,14883,5048,19931,18631,29101,32012,61113,2004,4301,3.5834845125310757,10.565174326465927
2024-04-07,53208,32063,85271,14719,5035,19754,18647,29109,32063,61172,2027,4345,3.6149194918133025,10.567626613704071
2024-04-06,53168,32040,85208,14727,5003,19730,18639,29096,32040,61136,2025,4342,3.6102396957968357,10.62722366580052
2024-04-05,53390,32086,85476,14869,5038,19907,18663,29133,32086,61219,2029,4350,3.59069204384962,10.597459309249702
2024-04-04,53384,32026,85410,14894,5047,19941,18633,29099,32026,61125,2029,4344,3.5842621189740833,10.577372696651477
2024-04-03,53375,31986,85361,14892,5060,19952,18627,29079,31986,61065,2028,4344,3.5841391351060974,10.548418972332016
2024-04-02,53328,31964,85292,14850,5052,19902,18619,29083,31964,61047,2026,4343,3.591111111111111,10.55581947743468
2024-04-01,53299,31980,85279,14813,5038,19851,18634,29093,31980,61073,2033,4355,3.5981232701005874,10.579396585946805
2024-03-31,53315,32056,85371,14769,5044,19813,18667,29144,32056,61200,2032,4358,3.609926196763491,10.569984139571769
2024-03-30,53318,32005,85323,14798,5057,19855,18638,29103,32005,61108,2033,4360,3.6030544668198403,10.543405180937315
2024-03-29,53355,31993,85348,14826,5061,19887,18629,29095,31993,61088,2039,4373,3.5987454471873734,10.542382928275044
2024-03-28,53426,32055,85481,14848,5058,19906,18670,29155,32055,61210,2034,4365,3.5981950431034484,10.562672993277975
2024-03-27,53389,32016,85405,14854,5056,19910,18638,29105,32016,61121,2038,4374,3.5942507068803016,10.559533227848101
2024-03-26,53393,31940,85333,14910,5072,19982,18605,29041,31940,60981,2036,4370,3.5810194500335344,10.527011041009464
2024-03-25,53449,32022,85471,14919,5066,19985,18635,29087,32022,61109,2039,4377,3.5826127756552046,10.550532964863798
2024-03-24,53498,32085,85583,14899,5069,19968,18691,29168,32085,61253,2032,4362,3.5907107859587892,10.553955415269284
2024-03-23,53493,32056,85549,14907,5060,19967,18673,29138,32056,61194,2046,4388,3.5884483799557256,10.571739130434782
2024-03-22,53534,32119,85653,14933,5050,19983,18700,29169,32119,61288,2043,4382,3.5849460925467085,10.60079207920792
2024-03-21,53648,32154,85802,14942,5078,20020,18723,29231,32154,61385,2050,4397,3.590416276268237,10.564789287120913
2024-03-20,53603,32143,85746,14914,5063,19977,18735,29246,32143,61389,2044,4380,3.5941397344776718,10.587201264072684
2024-03-19,53604,32166,85770,14923,5053,19976,18737,29234,32166,61400,2049,4394,3.5920391342223414,10.608351474371661
2024-03-18,53618,32216,85834,14915,5040,19955,18760,29265,32216,61481,2050,4398,3.594904458598726,10.638492063492064
2024-03-17,53728,32394,86122,14840,5027,19867,18892,29469,32394,61863,2046,4392,3.6204851752021563,10.68788541873881
2024-03-16,53629,32355,85984,14759,5024,19783,18865,29440,32355,61795,2054,4406,3.6336472660749375,10.674562101910828
2024-03-15,53684,32375,86059,14826,5005,19831,18869,29447,32375,61822,2054,4406,3.6209361931741535,10.726073926073926
2024-03-14,53750,32338,86088,14838,5068,19906,18863,29440,32338,61778,2054,4404,3.622455856584445,10.605761641673244
2024-03-13,53757,32347,86104,14799,5063,19862,18877,29461,32347,61808,2068,4434,3.63247516724103,10.617618013035749
2024-03-12,53723,32335,86058,14717,5071,19788,18882,29471,32335,61806,2084,4464,3.6504042943534687,10.594162887004536
2024-03-11,53797,32425,86222,14732,5064,19796,18938,29544,32425,61969,2080,4457,3.6517105620418135,10.623420221169036
2024-03-10,53763,32435,86198,14719,5052,19771,18941,29551,32435,61986,2072,4441,3.6526258577349004,10.641923990498812
2024-03-09,53753,32399,86152,14741,5041,19782,18934,29532,32399,61931,2071,4439,3.646496167152839,10.663162071017656
2024-03-08,53766,32504,86270,14666,5044,19710,18982,29613,32504,62117,2071,4443,3.666030274103368,10.6593973037272
2024-03-08,53766,32504,86270,14666,5044,19710,18982,29613,32504,62117,2071,4443,3.666030274103368,10.6593973037272
2024-03-07,53709,32475,86184,14617,5043,19660,18961,29590,32475,62065,2080,4459,3.674420195662585,10.650208209399167
2024-03-06,53839,32521,86360,14676,5060,19736,18983,29623,32521,62144,2090,4480,3.6685064050149903,10.640118577075098
2024-03-05,53974,32592,86566,14725,5063,19788,19033,29688,32592,62280,2098,4498,3.6654668930390493,10.660477977483705
2024-03-04,54170,32635,86805,14713,5054,19767,19057,29744,32635,62379,2179,4659,3.6817780194385916,10.718242975860704
2024-03-03,54141,32661,86802,14648,5023,19671,19070,29771,32661,62432,2201,4699,3.6961359912616056,10.778618355564404
2024-03-02,54124,32623,86747,14659,5037,19696,19050,29738,32623,62361,2197,4690,3.6922027423425883,10.745284891800676
2024-03-01,54195,32650,86845,14644,5047,19691,19086,29793,32650,62443,2208,4711,3.700833105708823,10.738062215177333
2024-02-29,54299,32635,86934,14721,5055,19776,19080,29786,32635,62421,2219,4737,3.6885401806942464,10.74164193867458
2024-02-28,54391,32691,87082,14770,5049,19819,19096,29809,32691,62500,2231,4763,3.6825321597833445,10.772628243216479
2024-02-27,54475,32684,87159,14843,5032,19875,19090,29807,32684,62491,2246,4793,3.6700801724718723,10.825715421303656
2024-02-26,54591,32724,87315,14957,4987,19944,19106,29847,32724,62571,2250,4800,3.6498629404292307,10.94666131943052
2024-02-25,54692,32802,87494,14970,5017,19987,19159,29925,32802,62727,2241,4780,3.653440213760855,10.901335459437911
2024-02-24,54703,32806,87509,14974,5003,19977,19164,29921,32806,62727,2252,4805,3.6531988780552958,10.934039576254248
2024-02-23,54705,32802,87507,14968,5004,19972,19148,29911,32802,62713,2260,4822,3.6547969000534475,10.932254196642686
2024-02-22,54798,32829,87627,14996,5009,20005,19165,29947,32829,62776,2272,4846,3.6541744465190718,10.939908165302455
2024-02-21,54841,32890,87731,14963,5023,19986,19199,30016,32890,62906,2268,4839,3.665107264585979,10.917977304399761
2024-02-20,54937,32922,87859,14993,5027,20020,19220,30048,32922,62970,2283,4869,3.6641766157540188,10.928386711756515
2024-02-19,54925,32932,87857,15026,5000,20026,19221,30045,32932,62977,2275,4854,3.655330760015972,10.985
2024-02-18,55013,32973,87986,15066,5008,20074,19244,30090,32973,63063,2273,4849,3.6514668790654454,10.985023961661343
2024-02-17,55069,32935,88004,15175,4985,20160,19215,30048,32935,62983,2279,4861,3.6289291598023063,11.046940822467402
2024-02-16,55109,32988,88097,15165,4992,20157,19243,30082,32988,63070,2283,4870,3.6339597757995383,11.03946314102564
2024-02-15,55249,33010,88259,15152,5100,20252,19258,30111,33010,63121,2291,4886,3.646317317845829,10.833137254901962
2024-02-14,55196,33046,88242,15104,5075,20179,19286,30137,33046,63183,2289,4880,3.6543961864406778,10.876059113300492
2024-02-13,55278,33063,88341,15117,5094,20211,19309,30167,33063,63230,2299,4900,3.6566779122841835,10.851590106007068
2024-02-12,55212,33075,88287,15068,5087,20155,19322,30182,33075,63257,2286,4875,3.6641890098221395,10.85354826027128
2024-02-11,55281,33156,88437,15111,5062,20173,19370,30253,33156,63409,2277,4855,3.6583283700615445,10.920782299486369
2024-02-10,55336,33152,88488,15141,5093,20234,19357,30227,33152,63379,2286,4875,3.654712370385047,10.865108973100334
2024-02-09,55437,33215,88652,15177,5099,20276,19398,30291,33215,63506,2285,4870,3.652698161692034,10.872131790547167
2024-02-08,55537,33184,88721,15270,5116,20386,19372,30248,33184,63432,2301,4903,3.6370006548788476,10.855551211884285
2024-02-07,55747,33251,88998,15422,5107,20529,19420,30318,33251,63569,2299,4900,3.6147711062119052,10.915801840610927
2024-02-06,55850,33307,89157,15463,5118,20581,19461,30394,33307,63701,2286,4875,3.6118476362930867,10.912465806955842
2024-02-05,55784,33303,89087,15428,5094,20522,19448,30376,33303,63679,2292,4886,3.6157635467980294,10.950922654102866
2024-02-04,55677,33341,89018,15332,5067,20399,19480,30411,33341,63752,2282,4867,3.6314244716931907,10.988158673771462
2024-02-03,55764,33403,89167,15329,5057,20386,19533,30487,33403,63890,2293,4891,3.6378106856285473,11.027091160767254
2024-02-02,55762,33373,89135,15341,5075,20416,19506,30459,33373,63832,2292,4887,3.6348347565347763,10.987586206896552
2024-02-01,55819,33367,89186,15400,5067,20467,19508,30473,33367,63840,2288,4879,3.6246103896103894,11.016183145845668
2024-01-31,55752,33212,88964,15457,5092,20549,19439,30339,33212,63551,2280,4864,3.6069094908455717,10.948939512961509
2024-01-30,55857,33288,89145,15466,5100,20566,19489,30417,33288,63705,2287,4874,3.6115996379154276,10.952352941176471
2024-01-29,55795,33316,89111,15403,5071,20474,19505,30449,33316,63765,2286,4872,3.6223462961760697,11.002760796687044
2024-01-28,55676,33324,89000,15309,5047,20356,19513,30457,33324,63781,2281,4863,3.636814945456921,11.031503863681396
2024-01-27,55658,33323,88981,15266,5053,20319,19523,30472,33323,63795,2283,4867,3.645879732739421,11.014842667722146
2024-01-26,55653,33328,88981,15257,5056,20313,19526,30479,33328,63807,2281,4861,3.647702693845448,11.007318037974683
2024-01-25,55748,33342,89090,15316,5070,20386,19525,30481,33342,63823,2291,4881,3.639853747714808,10.995660749506904
2024-01-24,55765,33355,89120,15319,5043,20362,19536,30492,33355,63847,2305,4911,3.6402506691037275,11.057902042435058
2024-01-23,55699,33342,89041,15258,5064,20322,19524,30479,33342,63821,2298,4898,3.6504784375409622,10.999012638230647
2024-01-22,55672,33362,89034,15218,5055,20273,19523,30485,33362,63847,2306,4914,3.658299382310422,11.013254203758654
2024-01-21,55690,33333,89023,15239,5068,20307,19527,30490,33333,63823,2295,4893,3.654439267668482,10.988555643251775
2024-01-20,55667,33330,88997,15260,5052,20312,19518,30468,33330,63798,2293,4887,3.6479030144167757,11.018804433887569
2024-01-19,55649,33347,88996,15235,5037,20272,19543,30509,33347,63856,2283,4868,3.6527075812274368,11.048044470915228
2024-01-18,55838,33341,89179,15348,5082,20430,19556,30534,33341,63875,2286,4874,3.6381287464164713,10.987406532861078
2024-01-17,55815,33348,89163,15267,5087,20354,19579,30578,33348,63926,2292,4883,3.655924543132246,10.972085708669157
2024-01-16,55945,33379,89324,15377,5085,20462,19590,30606,33379,63985,2289,4877,3.6382259218313067,11.00196656833825
2024-01-15,55964,33387,89351,15405,5067,20472,19611,30644,33387,64031,2275,4848,3.6328464784160985,11.0447996842313
2024-01-14,56017,33431,89448,15398,5069,20467,19641,30681,33431,64112,2285,4869,3.63793999220678,11.050897612941409
2024-01-13,55882,33348,89230,15381,5038,20419,19596,30597,33348,63945,2283,4866,3.6331837981925754,11.092100039698293
2024-01-12,55935,33413,89348,15406,5023,20429,19627,30650,33413,64063,2278,4856,3.6307282876801246,11.135775433008163
2024-01-11,56064,33404,89468,15536,5033,20569,19620,30625,33404,64029,2284,4870,3.6086508753862,11.139280747069343
2024-01-10,56020,33382,89402,15502,5055,20557,19602,30607,33382,63989,2277,4856,3.613727260998581,11.082096933728982
2024-01-09,55802,33380,89182,15404,4962,20366,19590,30568,33380,63948,2282,4868,3.6225655673850947,11.245868601370415
2024-01-08,55826,33303,89129,15456,4999,20455,19554,30517,33303,63820,2275,4854,3.6119306418219463,11.16743348669734
2024-01-07,55912,33253,89165,15556,4997,20553,19546,30513,33253,63766,2271,4846,3.5942401645667266,11.189113468080848
2024-01-06,55725,33194,88919,15485,4964,20449,19496,30455,33194,63649,2259,4821,3.598643848886019,11.225825946817084
2024-01-05,55746,33179,88925,15528,4947,20475,19483,30449,33179,63628,2258,4822,3.590030911901082,11.268647665251668
2024-01-04,55734,33155,88889,15563,4957,20520,19452,30400,33155,63555,2255,4814,3.581186146629827,11.243494048819851
2024-01-03,55798,33183,88981,15604,4950,20554,19472,30437,33183,63620,2253,4807,3.575877980005127,11.272323232323233
2024-01-02,55939,33220,89159,15708,4936,20644,19485,30473,33220,63693,2260,4822,3.56117901706137,11.332860615883307
2024-01-01,55691,33243,88934,15464,4895,20359,19492,30483,33243,63726,2274,4849,3.60133212622866,11.37711950970378
2023-12-31,55622,33152,88774,15556,4884,20440,19423,30376,33152,63528,2253,4806,3.5755978400617123,11.388615888615888
2023-12-30,55719,33086,88805,15718,4891,20609,19383,30317,33086,63403,2247,4793,3.5449166560631125,11.392148844817012
2023-12-29,55649,32970,88619,15720,4895,20615,19333,30232,32970,63202,2251,4802,3.5400127226463103,11.368539325842697
2023-12-28,55755,32927,88682,15818,4941,20759,19316,30207,32927,63134,2247,4789,3.524781894044759,11.28415300546448
2023-12-27,55733,32988,88721,15756,4934,20690,19358,30261,32988,63249,2245,4782,3.5372556486417874,11.295703283340089
2023-12-26,55617,32885,88502,15744,4924,20668,19291,30164,32885,63049,2247,4785,3.5325838414634148,11.295085296506905
2023-12-25,55642,32929,88571,15757,4923,20680,19313,30203,32929,63132,2234,4759,3.531255949736625,11.30245785090392
2023-12-24,55593,32929,88522,15743,4928,20671,19304,30190,32929,63119,2220,4732,3.5312837451565775,11.281047077922079
2023-12-23,55607,32947,88554,15786,4924,20710,19302,30181,32947,63128,2212,4716,3.522551628024832,11.293054427294882
2023-12-22,55681,32959,88640,15819,4941,20760,19302,30197,32959,63156,2216,4724,3.519881155572413,11.269176280105242
2023-12-21,55884,33040,88924,15931,4976,20907,19340,30265,33040,63305,2211,4712,3.5078777226790536,11.230707395498392
2023-12-20,56043,33062,89105,15976,5058,21034,19356,30263,33062,63325,2227,4746,3.5079494241362044,11.080071174377224
2023-12-19,56187,33076,89263,16062,5086,21148,19384,30291,33076,63367,2225,4748,3.4981322375793797,11.047384978372001
2023-12-18,56095,33097,89192,15987,5063,21050,19392,30296,33097,63393,2226,4749,3.508788390567336,11.079399565475015
2023-12-17,56078,33089,89167,16002,5050,21052,19380,30269,33089,63358,2232,4757,3.504436945381827,11.104554455445545
2023-12-16,56049,33072,89121,16003,5031,21034,19360,30248,33072,63320,2237,4767,3.502405798912704,11.140727489564698
2023-12-15,56139,33015,89154,16062,5052,21114,19355,30244,33015,63259,2243,4781,3.4951438177063876,11.112232779097388
2023-12-14,56156,33034,89190,16063,5053,21116,19358,30261,33034,63295,2240,4779,3.495984560791882,11.11339798139719
2023-12-13,56315,33084,89399,16170,5067,21237,19372,30298,33084,63382,2240,4780,3.482683982683983,11.114071442668246
2023-12-12,56436,33072,89508,16302,5064,21366,19369,30286,33072,63358,2241,4784,3.4619065145380934,11.144549763033176
2023-12-11,56391,33069,89460,16278,5067,21345,19363,30280,33069,63349,2233,4766,3.4642462218945815,11.12907045589106
2023-12-10,56419,33139,89558,16268,5062,21330,19393,30319,33139,63458,2236,4770,3.468096877305139,11.14559462662979
2023-12-09,56304,33117,89421,16164,5062,21226,19376,30302,33117,63419,2238,4776,3.483296213808463,11.122876333465033
2023-12-08,56287,33057,89344,16179,5068,21247,19348,30259,33057,63316,2241,4781,3.4790160084059583,11.106353591160222
2023-12-07,56356,33037,89393,16253,5078,21331,19347,30265,33037,63302,2233,4760,3.467421399126315,11.09807010634108
2023-12-06,56382,33055,89437,16230,5075,21305,19352,30292,33055,63347,2245,4785,3.4739371534195933,11.109753694581281
2023-12-05,56273,33048,89321,16137,5072,21209,19350,30289,33048,63337,2239,4775,3.4872033215591496,11.094834384858045
2023-12-04,56306,33135,89441,16083,5062,21145,19389,30354,33135,63489,2252,4807,3.5009637505440527,11.123271434215726
2023-12-03,56284,33147,89431,16053,5077,21130,19398,30361,33147,63508,2245,4793,3.506135924749268,11.086074453417373
2023-12-02,56241,33114,89355,16048,5057,21105,19377,30334,33114,63448,2251,4802,3.504548853439681,11.121415859205062
2023-12-01,56233,33027,89260,16098,5040,21138,19331,30275,33027,63302,2260,4820,3.4931668530252207,11.15734126984127
2023-11-30,56263,33033,89296,16068,5084,21152,19320,30276,33033,63309,2267,4835,3.5015558874782178,11.066679779701023
2023-11-29,56192,33013,89205,16005,5086,21091,19316,30262,33013,63275,2270,4839,3.5109028428616056,11.048368069209594
2023-11-28,56211,33008,89219,16071,5080,21151,19301,30243,33008,63251,2258,4817,3.4976666044427853,11.06515748031496
2023-11-27,56176,33042,89218,16017,5072,21089,19309,30250,33042,63292,2271,4837,3.507273521882999,11.07570977917981
2023-11-26,56139,33079,89218,15973,5074,21047,19329,30279,33079,63358,2259,4813,3.514618418581356,11.064052029956642
2023-11-25,56209,33156,89365,15979,5040,21019,19385,30352,33156,63508,2270,4838,3.5176794542837473,11.152579365079365
2023-11-24,56160,33150,89310,15919,5049,20968,19365,30337,33150,63487,2278,4855,3.5278597901878257,11.122994652406417
2023-11-23,56162,33182,89344,15888,5052,20940,19376,30348,33182,63530,2288,4874,3.5348690835850958,11.116785431512273
2023-11-22,56100,33124,89224,15843,5083,20926,19347,30307,33124,63431,2283,4867,3.5409960234804014,11.036789297658864
2023-11-21,56149,33097,89246,15891,5090,20981,19336,30303,33097,63400,2284,4865,3.533383676294758,11.031237721021611
2023-11-20,56155,33105,89260,15897,5091,20988,19334,30295,33105,63400,2286,4872,3.5324275020444107,11.030249459831074
2023-11-19,55995,33103,89098,15811,5060,20871,19332,30284,33103,63387,2270,4840,3.541521725381064,11.066205533596838
2023-11-18,56007,33119,89126,15761,5071,20832,19352,30321,33119,63440,2277,4854,3.5535181777805978,11.044567146519425
2023-11-17,55996,33108,89104,15766,5067,20833,19332,30290,33108,63398,2287,4873,3.5516935176963087,11.051115058219853
2023-11-16,56131,33110,89241,15855,5069,20924,19345,30310,33110,63420,2298,4897,3.5402712078208767,11.073387255869008
2023-11-15,56103,33104,89207,15853,5083,20936,19342,30297,33104,63401,2287,4870,3.5389516179902856,11.037379500295101
2023-11-14,56245,33126,89371,15930,5084,21014,19368,30333,33126,63459,2301,4898,3.5307595731324546,11.063139260424862
2023-11-13,56281,33160,89441,15916,5089,21005,19381,30369,33160,63529,2305,4907,3.536127167630058,11.059343682452349
2023-11-12,56122,33131,89253,15835,5062,20897,19354,30342,33131,63473,2293,4883,3.5441742974423747,11.086922165152114
2023-11-11,56090,33136,89226,15835,5065,20900,19354,30317,33136,63453,2289,4873,3.542153457530786,11.074037512339585
2023-11-10,55966,33035,89001,15790,5058,20848,19292,30231,33035,63266,2294,4887,3.544395186827106,11.064847765915381
2023-11-09,56014,33034,89048,15812,5071,20883,19300,30233,33034,63267,2299,4898,3.542499367568935,11.045947544862946
2023-11-08,56011,33008,89019,15775,5082,20857,19302,30234,33008,63242,2309,4920,3.550618066561014,11.021448248720976
2023-11-07,56055,32938,88993,15830,5091,20921,19265,30200,32938,63138,2316,4934,3.5410612760581177,11.01060695344726
2023-11-06,56103,32948,89051,15845,5081,20926,19272,30207,32948,63155,2335,4970,3.5407384032817926,11.041724070064948
2023-11-05,55915,32895,88810,15784,5064,20848,19243,30134,32895,63029,2317,4933,3.5425114039533705,11.041666666666666
2023-11-04,55878,32900,88778,15760,5070,20830,19235,30125,32900,63025,2313,4923,3.545558375634518,11.02130177514793
2023-11-03,55850,32874,88724,15744,5070,20814,19218,30106,32874,62980,2316,4930,3.547383130081301,11.01577909270217
2023-11-02,55887,32866,88753,15777,5086,20863,19217,30088,32866,62954,2319,4936,3.542308423654687,10.988399528116398
2023-11-01,55878,32864,88742,15769,5066,20835,19227,30119,32864,62983,2316,4924,3.543534783435855,11.03000394788788
2023-10-31,55810,32855,88665,15749,5056,20805,19205,30079,32855,62934,2317,4926,3.543717061400724,11.038370253164556
2023-10-30,55827,32881,88708,15723,5048,20771,19222,30112,32881,62993,2327,4944,3.5506582713222667,11.059231378763867
2023-10-29,55686,32833,88519,15632,5052,20684,19198,30076,32833,62909,2319,4926,3.5623080859774823,11.022565320665084
2023-10-28,55440,32765,88205,15511,5019,20530,19155,29999,32765,62764,2310,4911,3.5742376378054286,11.04602510460251
2023-10-27,55334,32688,88022,15494,5003,20497,19114,29940,32688,62628,2304,4897,3.571317929521105,11.060163901659005
2023-10-26,55302,32660,87962,15521,4985,20506,19096,29908,32660,62568,2300,4888,3.5630436183235616,11.093681043129388
2023-10-25,55227,32633,87860,15447,5016,20463,19091,29880,32633,62513,2296,4884,3.5752573315206835,11.010167464114833
2023-10-24,55299,32619,87918,15520,5018,20538,19088,29879,32619,62498,2294,4882,3.5630798969072166,11.02012754085293
2023-10-23,55268,32652,87920,15478,4997,20475,19102,29904,32652,62556,2299,4889,3.5707455743636127,11.06023614168501
2023-10-22,55188,32666,87854,15427,4954,20381,19113,29928,32666,62594,2292,4879,3.5773643611849355,11.140088817117482
2023-10-21,55001,32656,87657,15276,4931,20207,19104,29919,32656,62575,2290,4875,3.600484420005237,11.154126951936727
2023-10-20,54850,32495,87345,15276,4916,20192,19039,29826,32495,62321,2270,4832,3.590599633411888,11.157445077298616
2023-10-19,54838,32434,87272,15306,4964,20270,18995,29774,32434,62208,2252,4794,3.5827779955572976,11.047139403706689
2023-10-18,54709,32350,87059,15313,4953,20266,18942,29687,32350,62037,2231,4756,3.572715992947169,11.045628911770644
2023-10-17,54548,32403,86951,15217,4893,20110,18986,29734,32403,62137,2205,4704,3.5846750345008873,11.148170856325363
2023-10-16,54462,32421,86883,15162,4880,20042,19003,29741,32421,62162,2190,4679,3.59200633161852,11.160245901639344
2023-10-15,54442,32337,86779,15271,4860,20131,18939,29658,32337,61995,2178,4653,3.565057952982778,11.202057613168725
2023-10-14,54303,32297,86600,15206,4818,20024,18909,29606,32297,61903,2188,4673,3.571156122583191,11.270859277708594
2023-10-13,54022,32196,86218,15035,4768,19803,18864,29534,32196,61730,2194,4685,3.5930828067841705,11.33011744966443
2023-10-12,53989,32155,86144,15000,4802,19802,18840,29499,32155,61654,2198,4688,3.599266666666667,11.243023740108288
2023-10-11,53832,32138,85970,14990,4664,19654,18834,29492,32138,61630,2195,4686,3.591194129419613,11.542024013722127
2023-10-10,53865,32139,86004,14953,4752,19705,18808,29471,32139,61610,2197,4689,3.602287166454892,11.335227272727273
2023-10-09,53804,32160,85964,14945,4753,19698,18824,29497,32160,61657,2157,4609,3.600133824021412,11.320008415737428
2023-10-08,53562,31999,85561,14946,4662,19608,18730,29353,31999,61352,2154,4601,3.583701324769169,11.489060489060488
2023-10-07,53566,32051,85617,14910,4667,19577,18753,29384,32051,61435,2156,4605,3.5926224010731054,11.477608742232698
2023-10-06,53490,31917,85407,14848,4760,19608,18684,29275,31917,61192,2156,4607,3.6025053879310347,11.237394957983193
2023-10-05,53552,31874,85426,14958,4754,19712,18661,29237,31874,61111,2155,4603,3.5801577751036233,11.264619267984855
2023-10-04,53426,31842,85268,14928,4751,19679,18615,29172,31842,61014,2144,4575,3.5789121114683815,11.245211534413807
2023-10-03,53402,31776,85178,14923,4753,19676,18578,29120,31776,60896,2158,4606,3.578502981974134,11.235430254576057
2023-10-02,53386,31784,85170,14966,4734,19700,18570,29097,31784,60881,2150,4589,3.5671522116798076,11.277144064216307
2023-10-01,53307,31735,85042,14948,4716,19664,18559,29062,31735,60797,2146,4581,3.566162697350816,11.303435114503817
2023-09-30,53396,31712,85108,15009,4726,19735,18565,29066,31712,60778,2154,4595,3.557598774068892,11.298349555649597
2023-09-29,53422,31660,85082,15013,4759,19772,18536,29036,31660,60696,2164,4614,3.558382734963032,11.22546753519647
2023-09-28,53567,31680,85247,15128,4759,19887,18555,29053,31680,60733,2167,4627,3.5409175039661553,11.25593612103383
2023-09-27,53584,31656,85240,15149,4771,19920,18542,29047,31656,60703,2162,4617,3.537131163773186,11.231188430098511
2023-09-26,53497,31597,85094,15078,4783,19861,18501,28998,31597,60595,2172,4638,3.5480169783790956,11.18482124189839
2023-09-25,53387,31450,84837,15093,4807,19900,18413,28867,31450,60317,2165,4620,3.5372026767375604,11.10609527771999
2023-09-24,53373,31565,84938,15026,4795,19821,18484,28960,31565,60525,2150,4592,3.5520431252495674,11.13096976016684
2023-09-23,53217,31508,84725,14967,4779,19746,18439,28886,31508,60394,2146,4585,3.555622369212267,11.135593220338983
2023-09-22,53129,31469,84598,14915,4739,19654,18416,28860,31469,60329,2160,4615,3.562118672477372,11.211014982063727
2023-09-21,53209,31450,84659,14980,4789,19769,18399,28828,31450,60278,2160,4612,3.5520026702269694,11.11067028607225
2023-09-20,53097,31403,84500,14920,4782,19702,18360,28771,31403,60174,2164,4624,3.558780160857909,11.103513174404014
2023-09-19,53050,31312,84362,14949,4787,19736,18318,28703,31312,60015,2159,4611,3.5487323566793765,11.082097346981408
2023-09-19,53050,31312,84362,14949,4787,19736,18318,28703,31312,60015,2159,4611,3.5487323566793765,11.082097346981408
2023-09-18,52981,31253,84234,14937,4799,19736,18282,28642,31253,59895,2156,4603,3.5469639151101293,11.040008335069807
2023-09-18,52981,31253,84234,14937,4799,19736,18282,28642,31253,59895,2156,4603,3.5469639151101293,11.040008335069807
2023-09-17,53006,31302,84308,14973,4762,19735,18312,28673,31302,59975,2153,4598,3.5401055232752285,11.131037379252415
2023-09-17,53006,31302,84308,14973,4762,19735,18312,28673,31302,59975,2153,4598,3.5401055232752285,11.131037379252415
2023-09-16,53043,31293,84336,14978,4780,19758,18299,28677,31293,59970,2159,4608,3.5413940445987446,11.096861924686193
2023-09-15,53063,31240,84303,15009,4751,19760,18280,28652,31240,59892,2180,4651,3.5354120860816844,11.168806567038517
2023-09-14,53104,31180,84284,15090,4809,19899,18232,28570,31180,59750,2171,4635,3.5191517561298875,11.04262840507382
2023-09-13,52995,31114,84109,15057,4792,19849,18183,28506,31114,59620,2174,4640,3.5196254233911137,11.059056761268781
2023-09-12,53004,31076,84080,15062,4808,19870,18160,28487,31076,59563,2177,4647,3.519054574425707,11.024126455906822
2023-09-11,52827,30977,83804,14988,4780,19768,18112,28420,30977,59397,2172,4639,3.524619695756605,11.051673640167364
2023-09-10,52777,31034,83811,14938,4757,19695,18140,28455,31034,59489,2167,4627,3.5330700227607443,11.09459743535842
2023-09-09,52721,30858,83579,14955,4770,19725,18034,28294,30858,59152,2203,4702,3.5253092611166834,11.052620545073376
2023-09-08,52776,30812,83588,14979,4833,19812,18020,28270,30812,59082,2198,4694,3.523332665732025,10.919925512104284
2023-09-07,52683,30700,83383,14978,4792,19770,17960,28192,30700,58892,2211,4721,3.517358792896248,10.993948247078464
2023-09-06,52602,30670,83272,14953,4791,19744,17937,28147,30670,58817,2206,4711,3.517822510533003,10.979336255479023
2023-09-05,52654,30518,83172,15121,4770,19891,17833,28006,30518,58524,2229,4757,3.4821771046888434,11.038574423480084
2023-09-04,52518,30468,82986,15055,4749,19804,17810,27962,30468,58430,2229,4752,3.4884091663899035,11.058749210360077
2023-09-03,52609,30505,83114,15150,4780,19930,17816,27977,30505,58482,2203,4702,3.4725412541254124,11.006066945606694
2023-09-02,52484,30415,82899,15080,4761,19841,17777,27919,30415,58334,2214,4724,3.480371352785146,11.023734509556816
2023-09-01,52542,30387,82929,15113,4797,19910,17753,27885,30387,58272,2227,4747,3.476609541454377,10.953095684803001
2023-08-31,52588,30287,82875,15237,4801,20038,17693,27790,30287,58077,2234,4760,3.451335564743716,10.95355134347011
2023-08-30,52654,30244,82898,15259,4809,20068,17665,27755,30244,57999,2269,4831,3.450684841732748,10.949053857350801
2023-08-29,52651,30173,82824,15330,4781,20111,17605,27688,30173,57861,2279,4852,3.4345075016307893,11.012549675800042
2023-08-28,52792,30084,82876,15444,4766,20210,17549,27586,30084,57670,2348,4996,3.4182854182854183,11.076793957196811
2023-08-27,52712,29998,82710,15496,4740,20236,17495,27511,29998,57509,2335,4965,3.4016520392359317,11.120675105485232
2023-08-26,52696,29936,82632,15502,4745,20247,17465,27455,29936,57391,2347,4994,3.3993033157012,11.105584826132771
2023-08-25,52687,29921,82608,15396,4748,20144,17464,27457,29921,57378,2389,5086,3.4221226292543516,11.096672283066555
2023-08-24,53315,29821,83136,15580,4783,20363,17395,27347,29821,57168,2638,5605,3.42201540436457,11.146769809742839
2023-08-23,53215,29738,82953,15564,4774,20338,17365,27295,29738,57033,2628,5582,3.419108198406579,11.146837033933808
2023-08-22,53112,29691,82803,15446,4746,20192,17334,27263,29691,56954,2665,5657,3.4385601450213645,11.190897597977244
2023-08-21,53227,29619,82846,15621,4743,20364,17293,27198,29619,56817,2668,5665,3.407400294475386,11.222222222222221
2023-08-20,53361,29500,82861,15934,4729,20663,17219,27076,29500,56576,2645,5622,3.34887661604117,11.283780926200043
2023-08-19,53400,29383,82783,16088,4725,20813,17160,26963,29383,56346,2645,5624,3.319244157135753,11.301587301587302
2023-08-18,53470,29270,82740,16249,4703,20952,17100,26871,29270,56141,2657,5647,3.290664040864053,11.36933871996598
2023-08-17,53708,29265,82973,16449,4739,21188,17094,26851,29265,56116,2669,5669,3.2651224998480153,11.333192656678625
2023-08-16,53943,29311,83254,16660,4706,21366,17132,26902,29311,56213,2670,5675,3.237875150060024,11.462600934976626
2023-08-15,54045,29215,83260,16822,4716,21538,17078,26819,29215,56034,2675,5688,3.2127571037926526,11.459923664122137
2023-08-14,54065,29266,83331,16801,4712,21513,17090,26837,29266,56103,2689,5715,3.21796321647521,11.473896434634975
2023-08-13,53945,29214,83159,16709,4710,21419,17075,26809,29214,56023,2688,5717,3.22849961098809,11.453290870488322
2023-08-12,53924,29121,83045,16774,4707,21481,17026,26733,29121,55854,2687,5710,3.214737093120305,11.456129169322287
2023-08-11,53758,28916,82674,16815,4719,21534,16902,26521,28916,55437,2684,5703,3.1970264644662505,11.39182030091121
2023-08-10,53736,28970,82706,16793,4700,21493,16915,26530,28970,55500,2688,5713,3.199904722205681,11.433191489361702
2023-08-09,53759,28963,82722,16801,4701,21502,16929,26533,28963,55496,2694,5724,3.199750014880067,11.435651988938524
2023-08-08,53753,28867,82620,16782,4734,21516,16893,26480,28867,55347,2710,5757,3.2030151352639735,11.354668356569498
2023-08-07,53459,28727,82186,16617,4734,21351,16820,26344,28727,55071,2717,5764,3.2171270385749535,11.292564427545416
2023-08-06,53394,28648,82042,16626,4700,21326,16781,26288,28648,54936,2723,5780,3.2114760014435224,11.360425531914894
2023-08-05,53406,28623,82029,16677,4680,21357,16776,26270,28623,54893,2722,5779,3.2023745277927684,11.411538461538461
2023-08-04,53462,28582,82044,16762,4661,21423,16739,26225,28582,54807,2738,5814,3.1894761961579765,11.470070800257455
2023-08-03,53580,28552,82132,16981,4592,21573,16716,26171,28552,54723,2747,5836,3.1552912078205053,11.668118466898955
2023-08-02,53634,28466,82100,16997,4666,21663,16683,26118,28466,54584,2757,5853,3.1554980290639523,11.494642091727389
2023-08-01,53745,28462,82207,17023,4697,21720,16671,26121,28462,54583,2784,5904,3.1571990835927863,11.442410048967426
2023-07-31,53830,28398,82228,17015,4708,21723,16643,26093,28398,54491,2835,6014,3.163679106670585,11.43372982158029
2023-07-30,53849,28392,82241,16933,4695,21628,16638,26091,28392,54483,2886,6130,3.180121655938109,11.469435569755058
2023-07-29,53909,28366,82275,16945,4717,21662,16635,26085,28366,54451,2900,6162,3.181410445559162,11.428662285350859
2023-07-28,53883,28333,82216,16999,4682,21681,16595,26038,28333,54371,2903,6164,3.169774692628978,11.508543357539512
2023-07-27,53977,28318,82295,17047,4772,21819,16587,26020,28318,54338,2891,6138,3.166363583035138,11.31119027661358
2023-07-26,53851,28290,82141,16967,4751,21718,16559,25976,28290,54266,2899,6157,3.1738669181352037,11.334666386023995
2023-07-25,53848,28312,82160,16952,4754,21706,16564,25996,28312,54308,2895,6146,3.1764983482774896,11.326882625157761
2023-07-24,53954,28291,82245,17050,4753,21803,16544,25979,28291,54270,2906,6172,3.164457478005865,11.35156743109615
2023-07-23,53801,28269,82070,16971,4710,21681,16522,25948,28269,54217,2904,6172,3.170172647457427,11.422717622080679
2023-07-22,53762,28324,82086,16891,4713,21604,16544,25970,28324,54294,2912,6188,3.182878455982476,11.407171652875027
2023-07-21,53851,28270,82121,16962,4752,21714,16527,25953,28270,54223,2910,6184,3.1748024997052235,11.332281144781145
2023-07-20,53891,28225,82116,16943,4794,21737,16513,25940,28225,54165,2925,6214,3.1807236026677685,11.241343345848978
2023-07-19,53797,28209,82006,16905,4784,21689,16491,25913,28209,54122,2916,6195,3.182312925170068,11.245192307692308
2023-07-18,53741,28205,81946,16868,4782,21650,16489,25919,28205,54124,2904,6172,3.1859734408347165,11.238184859891259
2023-07-17,53732,28225,81957,16867,4769,21636,16490,25923,28225,54148,2905,6173,3.18562874251497,11.266932270916335
2023-07-16,53610,28238,81848,16813,4725,21538,16491,25923,28238,54161,2891,6149,3.18860405638494,11.346031746031747
2023-07-15,53560,28248,81808,16720,4747,21467,16508,25935,28248,54183,2895,6158,3.2033492822966507,11.282915525595113
2023-07-14,53563,28162,81725,16790,4739,21529,16477,25887,28162,54049,2891,6147,3.1901727218582487,11.302595484279383
2023-07-13,53713,28203,81916,16887,4751,21638,16505,25929,28203,54132,2894,6146,3.1807307396221947,11.305619869501157
2023-07-12,53507,28096,81603,16781,4742,21523,16445,25850,28096,53946,2887,6134,3.1885465705261904,11.283635596794602
2023-07-11,53469,28025,81494,16819,4732,21551,16411,25773,28025,53798,2893,6145,3.179083179737202,11.29945054945055
2023-07-10,53403,27927,81330,16770,4735,21505,16369,25721,27927,53648,2909,6177,3.1844364937388194,11.278352692713833
2023-07-09,53486,27895,81381,16973,4710,21683,16337,25683,27895,53578,2881,6120,3.1512402050315207,11.35583864118896
2023-07-08,53471,27865,81336,16943,4729,21672,16329,25665,27865,53530,2887,6134,3.155934604261347,11.307041657855784
2023-07-07,53545,27859,81404,16968,4719,21687,16308,25654,27859,53513,2922,6204,3.155645921735031,11.346683619410893
2023-07-06,53579,27818,81397,17025,4729,21754,16287,25628,27818,53446,2918,6197,3.147077826725404,11.329879467117784
2023-07-05,53763,27811,81574,17148,4721,21869,16306,25663,27811,53474,2935,6231,3.1352344296710988,11.3880533785215
2023-07-04,53463,27684,81147,16965,4699,21664,16246,25552,27684,53236,2946,6247,3.151370468611848,11.377527133432645
2023-07-03,53493,27677,81170,17033,4703,21736,16239,25546,27677,53223,2927,6211,3.1405506957083307,11.374229215394429
2023-07-02,53352,27630,80982,16942,4696,21638,16204,25498,27630,53128,2927,6216,3.1490969188997755,11.361158432708688
2023-07-01,53389,27681,81070,16909,4677,21586,16240,25545,27681,53226,2948,6258,3.1574309539298597,11.415223433825101
2023-06-30,53412,27654,81066,16927,4687,21614,16232,25539,27654,53193,2949,6259,3.1554321498198146,11.395775549391935
2023-06-29,53545,27635,81180,17047,4700,21747,16228,25534,27635,53169,2951,6264,3.141021880682818,11.392553191489363
2023-06-28,53521,27560,81081,17107,4691,21798,16181,25469,27560,53029,2948,6254,3.1286023265329983,11.409294393519506
2023-06-27,53615,27575,81190,17159,4698,21857,16194,25477,27575,53052,2960,6281,3.124599335625619,11.412303107705407
2023-06-26,53501,27430,80931,17133,4691,21824,16129,25377,27430,52807,2970,6300,3.122687211813459,11.405030910253677
2023-06-25,53516,27455,80971,17155,4661,21816,16134,25384,27455,52839,2977,6316,3.1195569804721655,11.48165629693199
2023-06-24,53505,27395,80900,17175,4673,21848,16101,25324,27395,52719,2985,6333,3.11528384279476,11.449818104001713
2023-06-23,53460,27281,80741,17201,4681,21882,16030,25224,27281,52505,2995,6354,3.1079588396023485,11.42063661610767
2023-06-22,53560,27329,80889,17259,4644,21903,16072,25279,27329,52608,3007,6378,3.1033084187959905,11.53316106804479
2023-06-21,53542,27260,80802,17287,4676,21963,16029,25216,27260,52476,2999,6363,3.0972407011048766,11.450384944396921
2023-06-20,53489,27131,80620,17335,4677,22012,15961,25119,27131,52250,2996,6358,3.08560715315835,11.436604661107548
2023-06-19,53415,27150,80565,17254,4685,21939,15971,25119,27150,52269,2995,6357,3.0958038715660137,11.401280683030949
2023-06-18,53287,27083,80370,17199,4673,21872,15924,25051,27083,52134,2997,6364,3.0982615268329554,11.403167130323133
2023-06-17,53494,27088,80582,17350,4679,22029,15937,25069,27088,52157,3013,6396,3.083227665706052,11.432784783073306
2023-06-16,53578,27069,80647,17421,4700,22121,15926,25058,27069,52127,3017,6399,3.075483611732966,11.399574468085106
2023-06-15,53530,26913,80443,17518,4681,22199,15843,24922,26913,51835,3022,6409,3.0557141226167372,11.435590685750908
2023-06-14,53643,26970,80613,17557,4677,22234,15880,24978,26970,51948,3033,6431,3.0553625334624366,11.469531751122515
2023-06-13,53640,26942,80582,17553,4685,22238,15861,24955,26942,51897,3041,6447,3.0558878824132627,11.449306296691569
2023-06-12,53556,26893,80449,17550,4684,22234,15816,24882,26893,51775,3036,6440,3.0516239316239315,11.433817250213492
2023-06-11,53516,26863,80379,17496,4672,22168,15814,24871,26863,51734,3053,6477,3.0587562871513487,11.454623287671232
2023-06-10,53644,26957,80601,17499,4675,22174,15881,24978,26957,51935,3061,6492,3.065546602663009,11.474652406417112
2023-06-09,53690,26953,80643,17563,4672,22235,15870,24968,26953,51921,3059,6487,3.05699481865285,11.491866438356164
2023-06-08,53696,26965,80661,17590,4646,22236,15869,24968,26965,51933,3061,6492,3.0526435474701534,11.557468790357296
2023-06-07,53693,26918,80611,17622,4656,22278,15837,24942,26918,51860,3055,6473,3.046929973896266,11.532001718213058
2023-06-06,53690,26915,80605,17613,4663,22276,15846,24968,26915,51883,3044,6446,3.0483165843411117,11.514046751018657
2023-06-05,53582,26805,80387,17660,4621,22281,15774,24874,26805,51679,3034,6427,3.034088335220838,11.595325687080718
2023-06-04,53748,26820,80568,17803,4625,22428,15788,24880,26820,51700,3040,6440,3.0190417345391225,11.62118918918919
2023-06-03,53808,26901,80709,17784,4611,22395,15833,24940,26901,51841,3055,6473,3.0256410256410255,11.669486011711125
2023-06-02,53838,26841,80679,17837,4606,22443,15794,24896,26841,51737,3068,6499,3.018332679262208,11.688666956144159
2023-06-01,54236,27015,81251,18018,4654,22672,15898,25052,27015,52067,3076,6512,3.01010101010101,11.653631284916202
2023-05-31,54205,26940,81145,18043,4645,22688,15864,25001,26940,51941,3077,6516,3.0042121598403813,11.669537136706136
2023-05-30,54221,26923,81144,18107,4647,22754,15840,24968,26923,51891,3071,6499,2.994477273982438,11.667957822250914
2023-05-29,54186,26946,81132,18012,4664,22676,15847,24976,26946,51922,3087,6534,3.008327781479014,11.617924528301886
2023-05-28,54178,26880,81058,18032,4667,22699,15815,24930,26880,51810,3095,6549,3.004547471162378,11.608742232697665
2023-05-27,54240,26908,81148,18061,4679,22740,15836,24954,26908,51862,3092,6546,3.0031559714301532,11.592220559948707
2023-05-26,54335,26889,81224,18124,4695,22819,15830,24953,26889,51842,3101,6563,2.997958508055617,11.572949946751864
2023-05-25,54443,26991,81434,18150,4682,22832,15885,25042,26991,52033,3101,6569,2.9996143250688707,11.628150363092695
2023-05-24,54451,27010,81461,18142,4696,22838,15901,25055,27010,52065,3096,6558,3.0013780178591114,11.595187393526405
2023-05-23,54461,26971,81432,18215,4677,22892,15878,25013,26971,51984,3095,6556,2.9898984353554763,11.644430190292923
2023-05-22,54449,26967,81416,18181,4691,22872,15874,25032,26967,51999,3090,6545,2.9948297673395303,11.607120017053933
2023-05-21,54460,26917,81377,18275,4703,22978,15843,24987,26917,51904,3065,6495,2.9800273597811215,11.579842653625345
2023-05-20,54505,26938,81443,18356,4680,23036,15846,24978,26938,51916,3064,6491,2.9693288298104163,11.646367521367521
2023-05-19,54404,26828,81232,18367,4671,23038,15788,24866,26828,51694,3070,6500,2.9620515054173246,11.647184757011347
2023-05-18,54225,26574,80799,18533,4628,23161,15630,24587,26574,51161,3059,6477,2.925861975934819,11.716724286949006
2023-05-17,54132,26604,80736,18457,4637,23094,15648,24588,26604,51192,3047,6450,2.9328709974535405,11.673927108043994
2023-05-16,53865,26413,80278,18412,4640,23052,15535,24408,26413,50821,3025,6405,2.9255376928090375,11.608836206896552
2023-05-15,53601,26257,79858,18378,4626,23004,15434,24243,26257,50500,3000,6354,2.91658504733921,11.586900129701686
2023-05-14,53501,26261,79762,18283,4616,22899,15421,24212,26261,50473,3018,6390,2.9262703057485093,11.590337954939342
2023-05-13,53394,26276,79670,18222,4596,22818,15420,24205,26276,50481,3009,6371,2.930194270661837,11.617493472584856
2023-05-12,53335,26219,79554,18216,4620,22836,15382,24141,26219,50360,3003,6358,2.9279205094422487,11.544372294372295
2023-05-11,53319,26119,79438,18246,4645,22891,15339,24053,26119,50172,3011,6375,2.922229529759947,11.478794402583423
2023-05-10,53102,26013,79115,18202,4617,22819,15266,23921,26013,49934,3004,6362,2.917371717393693,11.501407840589128
2023-05-09,52905,25858,78763,18088,4629,22717,15185,23801,25858,49659,3015,6387,2.9248673153471914,11.429034348671419
2023-05-08,52839,25791,78630,18145,4598,22743,15150,23736,25791,49527,3004,6360,2.912041884816754,11.491735537190083
2023-05-07,52777,25796,78573,18069,4589,22658,15165,23741,25796,49537,3015,6378,2.920858929658531,11.500762693397254
2023-05-06,52709,25706,78415,18091,4618,22709,15100,23634,25706,49340,3008,6366,2.913548173124758,11.413815504547424
2023-05-05,52604,25552,78156,18099,4644,22743,15003,23474,25552,49026,3018,6387,2.9064589203823417,11.32730404823428
2023-05-04,52459,25464,77923,18081,4631,22712,14939,23375,25464,48839,3011,6372,2.9013328908799294,11.327790973871734
2023-05-03,52138,25291,77429,18020,4621,22641,14836,23173,25291,48464,2986,6324,2.8933407325194227,11.282839212291712
2023-05-02,52085,25334,77419,17985,4616,22601,14856,23198,25334,48532,2967,6286,2.8960244648318043,11.283578856152513
2023-05-01,51908,25112,77020,17982,4621,22603,14744,22998,25112,48110,2978,6307,2.8866644422199976,11.233066435836399
2023-04-30,51776,25067,76843,17967,4610,22577,14733,22962,25067,48029,2943,6237,2.8817276117326207,11.23123644251627
2023-04-29,51676,24992,76668,17947,4602,22549,14689,22866,24992,47858,2954,6261,2.879367025129548,11.2290308561495
2023-04-28,51509,24909,76418,17857,4599,22456,14647,22790,24909,47699,2956,6263,2.8845270762166098,11.200043487714721
2023-04-27,51355,24803,76158,17861,4593,22454,14578,22675,24803,47478,2937,6226,2.875258944068081,11.18114522098846
2023-04-26,51280,24750,76030,17874,4620,22494,14533,22576,24750,47326,2929,6210,2.8689716907239564,11.0995670995671
2023-04-25,51091,24644,75735,17849,4614,22463,14475,22461,24644,47105,2908,6167,2.8624012549722675,11.073038578240139
2023-04-24,51011,24540,75551,17815,4635,22450,14427,22399,24540,46939,2906,6162,2.8633735616053886,11.005609492988134
2023-04-23,50865,24577,75442,17717,4596,22313,14430,22399,24577,46976,2901,6153,2.870971383417057,11.067232375979112
2023-04-22,50772,24547,75319,17650,4590,22240,14426,22386,24547,46933,2898,6146,2.876600566572238,11.061437908496732
2023-04-21,50700,24473,75173,17674,4570,22244,14385,22330,24473,46803,2889,6126,2.868620572592509,11.094091903719912
2023-04-20,50654,24439,75093,17647,4574,22221,14370,22282,24439,46721,2902,6151,2.8704029013430046,11.074333187581985
2023-04-19,50520,24366,74886,17620,4576,22196,14334,22205,24366,46571,2886,6119,2.8671963677639045,11.04020979020979
2023-04-18,50398,24258,74656,17581,4589,22170,14272,22115,24258,46373,2882,6113,2.866617371025539,10.982349095663544
2023-04-17,50245,24206,74451,17469,4584,22053,14238,22069,24206,46275,2886,6123,2.8762379071498083,10.960951134380453
2023-04-16,50182,24175,74357,17412,4599,22011,14217,22039,24175,46214,2890,6132,2.8820353779002987,10.911502500543596
2023-04-15,50011,24072,74083,17396,4568,21964,14162,21929,24072,46001,2884,6118,2.8748562888020235,10.948117338003502
2023-04-14,49977,24054,74031,17378,4597,21975,14130,21881,24054,45935,2887,6121,2.875877546322937,10.871655427452687
2023-04-13,49857,23978,73835,17379,4531,21910,14092,21835,23978,45813,2883,6112,2.8688071810806144,11.003531229309203
2023-04-12,49879,23935,73814,17422,4579,22001,14056,21771,23935,45706,2880,6107,2.8629893238434163,10.892989735750163
2023-04-11,49877,23893,73770,17469,4598,22067,14025,21730,23893,45623,2866,6080,2.855172019005095,10.847542409743367
2023-04-10,49926,23942,73868,17462,4581,22043,14079,21808,23942,45750,2866,6075,2.8591226663612415,10.89849377865095
2023-04-09,49947,23944,73891,17484,4576,22060,14072,21801,23944,45745,2870,6086,2.856726149622512,10.914991258741258
2023-04-08,49793,23907,73700,17436,4569,22005,14034,21739,23907,45646,2852,6049,2.8557582014223444,10.898008316918363
2023-04-07,49718,23842,73560,17407,4572,21979,14011,21688,23842,45530,2853,6051,2.856207272936175,10.874453193350831
2023-04-06,49647,23834,73481,17341,4571,21912,14009,21691,23834,45525,2850,6044,2.862983680295254,10.861299496827828
2023-04-05,49526,23733,73259,17327,4596,21923,13944,21587,23733,45320,2835,6016,2.8583136145899464,10.775892080069626
2023-04-04,49570,23763,73333,17347,4582,21929,13961,21599,23763,45362,2849,6042,2.8575546203954576,10.818419903972064
2023-04-03,49573,23700,73273,17429,4555,21984,13948,21566,23700,45266,2840,6023,2.8442825176430087,10.883205268935235
2023-04-02,49440,23651,73091,17387,4546,21933,13917,21515,23651,45166,2824,5992,2.8435037671823777,10.875494940607128
2023-04-01,49250,23595,72845,17294,4493,21787,13889,21467,23595,45062,2825,5996,2.847808488493119,10.961495659915425
2023-03-31,49249,23605,72854,17249,4536,21785,13890,21458,23605,45063,2830,6006,2.8551800104353875,10.857363315696649
2023-03-30,49269,23560,72829,17276,4568,21844,13866,21423,23560,44983,2827,6002,2.8518754341282704,10.785683012259195
2023-03-29,49210,23521,72731,17290,4574,21864,13845,21391,23521,44912,2805,5955,2.8461538461538463,10.758635767380849
2023-03-28,49039,23483,72522,17230,4526,21756,13809,21323,23483,44806,2808,5960,2.8461404526987812,10.834953601414052
2023-03-27,49013,23436,72449,17220,4560,21780,13786,21279,23436,44715,2805,5954,2.8462833914053425,10.748464912280701
2023-03-26,48868,23424,72292,17124,4555,21679,13763,21234,23424,44658,2804,5955,2.8537724830647044,10.728430296377606
2023-03-25,48802,23377,72179,17098,4544,21642,13731,21202,23377,44579,2805,5958,2.8542519592934847,10.73987676056338
2023-03-24,48779,23430,72209,17062,4525,21587,13787,21261,23430,44691,2792,5931,2.858926268901653,10.779889502762432
2023-03-23,48731,23376,72107,17052,4526,21578,13761,21212,23376,44588,2796,5941,2.8577879427633124,10.766902342023862
2023-03-22,48869,23355,72224,17190,4584,21774,13746,21169,23355,44524,2790,5926,2.842873763816172,10.660776614310645
2023-03-21,48693,23303,71996,17128,4557,21685,13705,21100,23303,44403,2780,5908,2.84288883699206,10.685319289005925
2023-03-20,48546,23196,71742,17113,4546,21659,13648,21018,23196,44214,2762,5869,2.8367907438789226,10.678838539375276
2023-03-19,48488,23208,71696,17079,4524,21603,13646,21015,23208,44223,2762,5870,2.839042098483518,10.717948717948717
2023-03-18,48361,23168,71529,16989,4515,21504,13618,20965,23168,44133,2774,5892,2.846606627818,10.711184939091916
2023-03-17,48304,23091,71395,16962,4508,21470,13591,20920,23091,44011,2784,5914,2.8477773847423653,10.715173025732032
2023-03-16,48257,23029,71286,16968,4518,21486,13551,20852,23029,43881,2787,5919,2.844000471475719,10.681053563523683
2023-03-15,48221,23016,71237,16964,4518,21482,13554,20842,23016,43858,2777,5897,2.8425489271398257,10.673085436033643
2023-03-14,48198,23022,71220,16993,4520,21513,13539,20814,23022,43836,2763,5871,2.8363443770964514,10.663274336283186
2023-03-13,48077,22948,71025,16893,4539,21432,13513,20773,22948,43721,2766,5872,2.845971704256201,10.591980612469706
2023-03-12,47998,22943,70941,16844,4513,21357,13502,20761,22943,43704,2770,5880,2.849560674424127,10.635497451805895
2023-03-11,47972,22936,70908,16827,4502,21329,13496,20745,22936,43681,2778,5898,2.850894395911333,10.655708573967125
2023-03-10,48034,22984,71018,16831,4527,21358,13518,20781,22984,43765,2779,5895,2.8539005406690037,10.610558869008173
2023-03-10,48034,22984,71018,16831,4527,21358,13518,20781,22984,43765,2779,5895,2.8539005406690037,10.610558869008173
2023-03-09,48129,23047,71176,16877,4551,21428,13529,20797,23047,43844,2782,5904,2.851750903596611,10.575477916941331
2023-03-08,48036,22988,71024,16867,4540,21407,13483,20748,22988,43736,2770,5881,2.8479279065631116,10.580616740088105
2023-03-07,48066,23011,71077,16867,4532,21399,13518,20772,23011,43783,2778,5895,2.8497065275389812,10.605913503971756
2023-03-06,47990,22961,70951,16863,4495,21358,13481,20734,22961,43695,2782,5898,2.845875585601613,10.676307007786429
2023-03-05,47894,22966,70860,16803,4472,21275,13489,20744,22966,43710,2770,5875,2.8503243468428257,10.70974955277281
2023-03-04,47810,22957,70767,16756,4439,21195,13486,20732,22957,43689,2774,5883,2.8533062783480543,10.770443793647217
2023-03-03,47786,22969,70755,16690,4436,21126,13484,20742,22969,43711,2792,5918,2.863151587777112,10.772317403065825
2023-03-02,47794,22940,70734,16716,4452,21168,13456,20696,22940,43636,2797,5930,2.8591768365637713,10.735399820305481
2023-03-01,47874,22974,70848,16742,4474,21216,13485,20737,22974,43711,2793,5921,2.8595149922350975,10.70049172999553
2023-02-28,47882,22978,70860,16730,4487,21217,13483,20745,22978,43723,2792,5920,2.8620442319187087,10.671272565188321
2023-02-27,47890,22898,70788,16770,4502,21272,13441,20703,22898,43601,2788,5915,2.8556946929039952,10.637494446912484
2023-02-26,47901,23011,70912,16719,4482,21201,13500,20792,23011,43803,2783,5908,2.8650636999820565,10.687416331994646
2023-02-25,47886,23018,70904,16689,4461,21150,13508,20794,23018,43812,2799,5942,2.8693151177422256,10.734364492266309
2023-02-24,47879,23006,70885,16702,4463,21165,13501,20775,23006,43781,2798,5939,2.866662675128727,10.727985659870043
2023-02-23,47853,22931,70784,16705,4462,21167,13461,20730,22931,43661,2807,5956,2.864591439688716,10.724562976243837
2023-02-22,47897,22913,70810,16739,4478,21217,13445,20693,22913,43606,2823,5987,2.8614015174144214,10.69606967396159
2023-02-21,47879,22895,70774,16719,4470,21189,13446,20699,22895,43594,2824,5991,2.8637478318081224,10.711185682326622
2023-02-20,47743,22766,70509,16680,4496,21176,13370,20588,22766,43354,2818,5979,2.8622901678657073,10.618994661921707
2023-02-19,47815,22830,70645,16662,4514,21176,13419,20644,22830,43474,2826,5995,2.869703516984756,10.59260079751883
2023-02-18,47754,22847,70601,16606,4500,21106,13419,20652,22847,43499,2827,5996,2.875707575575093,10.612
2023-02-17,47669,22812,70481,16562,4509,21071,13388,20603,22812,43415,2827,5995,2.8782151914020044,10.571967176757596
2023-02-16,47702,22779,70481,16609,4525,21134,13375,20584,22779,43363,2821,5984,2.872057318321392,10.541878453038674
2023-02-15,47550,22756,70306,16512,4493,21005,13355,20566,22756,43322,2817,5979,2.879723837209302,10.583129312263521
2023-02-14,47689,22772,70461,16595,4484,21079,13378,20599,22772,43371,2833,6011,2.8736968966556193,10.635370205173952
2023-02-13,47712,22782,70494,16599,4486,21085,13372,20611,22782,43393,2836,6016,2.8743900234953914,10.635755684351315
2023-02-12,47810,22838,70648,16676,4471,21147,13399,20652,22838,43490,2834,6011,2.86699448308947,10.69335719078506
2023-02-11,47835,22915,70750,16656,4472,21128,13436,20699,22915,43614,2833,6008,2.8719380403458215,10.696556350626118
2023-02-10,47846,22912,70758,16658,4465,21123,13449,20717,22912,43629,2833,6006,2.8722535718573656,10.715789473684211
2023-02-09,47826,22874,70700,16647,4484,21131,13431,20682,22874,43556,2833,6013,2.8729500810956927,10.665923282783229
2023-02-08,47817,22866,70683,16655,4501,21156,13407,20667,22866,43533,2825,5994,2.871029720804563,10.623639191290824
2023-02-07,47794,22871,70665,16641,4504,21145,13408,20657,22871,43528,2824,5992,2.872062976984556,10.61145648312611
2023-02-06,47810,22881,70691,16670,4508,21178,13398,20651,22881,43532,2820,5981,2.868026394721056,10.605590062111801
2023-02-05,47935,23033,70968,16646,4479,21125,13499,20792,23033,43825,2838,6018,2.8796707917818094,10.70216566197812
2023-02-04,47980,23040,71020,16717,4483,21200,13502,20796,23040,43836,2819,5984,2.8701322007537238,10.702654472451483
2023-02-03,47865,22973,70838,16678,4471,21149,13458,20728,22973,43701,2821,5988,2.869948435064156,10.705658689331246
2023-02-02,47819,23037,70856,16627,4459,21086,13502,20759,23037,43796,2813,5974,2.87598484392855,10.724153397622786
2023-02-01,47672,22953,70625,16596,4467,21063,13440,20665,22953,43618,2800,5944,2.8724993974451674,10.672039400044772
2023-01-31,47572,22886,70458,16597,4470,21067,13390,20585,22886,43471,2787,5920,2.866301138760017,10.642505592841163
2023-01-30,47492,22850,70342,16561,4477,21038,13367,20553,22850,43403,2779,5901,2.8677012257713907,10.607996426178245
2023-01-29,47302,22805,70107,16493,4458,20951,13347,20517,22805,43322,2748,5834,2.868004608015522,10.610587707492149
2023-01-28,47188,22766,69954,16474,4421,20895,13327,20455,22766,43221,2751,5838,2.864392375864999,10.673603257181632
2023-01-27,47102,22732,69834,16412,4485,20897,13305,20407,22732,43139,2731,5798,2.8699731903485253,10.502118171683389
2023-01-26,47103,22751,69854,16397,4513,20910,13310,20394,22751,43145,2731,5799,2.8726596328596696,10.437181475736761
2023-01-24,46976,22664,69640,16423,4481,20904,13247,20291,22664,42955,2721,5781,2.860378737136942,10.483374246819906
2023-01-23,46802,22582,69384,16325,4452,20777,13202,20190,22582,42772,2747,5835,2.8668912710566614,10.5125786163522
2023-01-22,46808,22613,69421,16351,4461,20812,13211,20215,22613,42828,2720,5781,2.86269952908079,10.492714637973549
2023-01-21,46705,22615,69320,16306,4447,20753,13202,20194,22615,42809,2710,5758,2.8642830859806208,10.502586013042501
2023-01-20,46770,22620,69390,16329,4486,20815,13201,20180,22620,42800,2718,5775,2.864229285320595,10.425769059295586
2023-01-19,46696,22573,69269,16315,4512,20827,13167,20130,22573,42703,2702,5739,2.8621513944223107,10.349290780141844
2023-01-18,46690,22633,69323,16298,4483,20781,13203,20173,22633,42806,2702,5736,2.8647686832740216,10.414900736114209
2023-01-17,46629,22625,69254,16344,4460,20804,13186,20129,22625,42754,2683,5696,2.8529735682819384,10.45493273542601
2023-01-16,46511,22564,69075,16305,4462,20767,13142,20069,22564,42633,2674,5675,2.8525605642440968,10.423800986104885
2023-01-15,46397,22499,68896,16278,4464,20742,13103,20004,22499,42503,2661,5651,2.8502887332596143,10.393593189964157
2023-01-14,46238,22411,68649,16224,4466,20690,13052,19898,22411,42309,2661,5650,2.849975345167653,10.353336318853561
2023-01-13,46246,22412,68658,16219,4446,20665,13070,19926,22412,42338,2664,5655,2.8513471853998396,10.401709401709402
2023-01-12,46201,22419,68620,16168,4437,20605,13078,19934,22419,42353,2665,5662,2.8575581395348837,10.412666215911653
2023-01-11,46139,22380,68519,16179,4405,20584,13048,19897,22380,42277,2663,5658,2.8517831757216143,10.474233825198638
2023-01-10,46066,22371,68437,16170,4373,20543,13051,19893,22371,42264,2649,5630,2.848855905998763,10.534187056940315
2023-01-09,45916,22294,68210,16105,4372,20477,13004,19819,22294,42113,2646,5620,2.8510400496740145,10.502287282708142
2023-01-08,45683,22197,67880,16046,4372,20418,12947,19704,22197,41901,2615,5561,2.8470023681914496,10.448993595608417
2023-01-07,45437,22116,67553,15896,4372,20268,12895,19617,22116,41733,2611,5552,2.8583920483140415,10.392726440988106
2023-01-06,45347,22096,67443,15854,4368,20222,12889,19579,22096,41675,2608,5546,2.86028762457424,10.381639194139193
2023-01-05,45296,22025,67321,15835,4393,20228,12847,19514,22025,41539,2612,5554,2.8604988948531735,10.310949237423173
2023-01-04,45328,22001,67329,15933,4377,20310,12826,19466,22001,41467,2612,5552,2.8449130734952615,10.355951564998858
2023-01-03,45175,21954,67129,15871,4369,20240,12796,19417,21954,41371,2597,5518,2.8463864910843677,10.339894712748913
2023-01-02,44956,21875,66831,15765,4368,20133,12746,19331,21875,41206,2584,5492,2.8516333650491594,10.292124542124542
2023-01-01,44751,21813,66564,15686,4329,20015,12706,19270,21813,41083,2572,5466,2.8529261762080838,10.337491337491338
2022-12-31,44542,21792,66334,15554,4319,19873,12687,19227,21792,41019,2560,5442,2.863700655779864,10.313035424866868
2022-12-30,44613,21740,66353,15661,4365,20026,12642,19159,21740,40899,2555,5428,2.8486686673903328,10.22061855670103
2022-12-29,44564,21640,66204,15747,4369,20116,12584,19045,21640,40685,2544,5403,2.8299993649584048,10.20004577706569
2022-12-28,44563,21592,66155,15756,4383,20139,12573,19015,21592,40607,2547,5409,2.8283193703985785,10.16723705224732
2022-12-27,44550,21550,66100,15761,4417,20178,12551,18954,21550,40504,2551,5418,2.826597297125817,10.086031242925062
2022-12-26,44474,21565,66039,15672,4419,20091,12569,18956,21565,40521,2556,5427,2.8377998979070953,10.064267933921702
2022-12-25,44219,21449,65668,15632,4406,20038,12502,18836,21449,40285,2519,5345,2.8287487205731834,10.036087153881072
2022-12-24,44151,21397,65548,15632,4406,20038,12464,18777,21397,40174,2516,5336,2.8243986693961105,10.020653654108035
2022-12-23,44023,21361,65384,15628,4385,20013,12439,18720,21361,40081,2492,5290,2.81693114921935,10.039452679589509
2022-12-22,43942,21295,65237,15655,4382,20037,12414,18652,21295,39947,2476,5253,2.806898754391568,10.027841168416249
2022-12-21,43831,21262,65093,15616,4406,20022,12379,18582,21262,39844,2463,5227,2.8068007172131146,9.94802541988198
2022-12-20,43635,21141,64776,15577,4405,19982,12302,18451,21141,39592,2451,5202,2.801245425948514,9.905788876276958
2022-12-19,43578,21165,64743,15551,4372,19923,12329,18459,21165,39624,2450,5196,2.8022635200308663,9.967520585544372
2022-12-18,43528,21168,64696,15457,4391,19848,12328,18458,21168,39626,2463,5222,2.816070388820599,9.913003871555455
2022-12-17,43555,21161,64716,15500,4402,19902,12323,18449,21161,39610,2454,5204,2.81,9.894366197183098
2022-12-16,43565,21177,64742,15521,4378,19899,12347,18464,21177,39641,2453,5202,2.8068423426325624,9.95089081772499
2022-12-15,43588,21188,64776,15562,4397,19959,12360,18469,21188,39657,2432,5160,2.8009253309343274,9.913122583579714
2022-12-14,43599,21189,64788,15559,4413,19972,12361,18461,21189,39650,2435,5166,2.802172376116717,9.879673691366417
2022-12-13,43492,21150,64642,15517,4418,19935,12339,18417,21150,39567,2423,5140,2.8028613778436555,9.844273426889995
2022-12-12,43544,21173,64717,15535,4428,19963,12360,18430,21173,39603,2428,5151,2.8029610556807207,9.833785004516711
2022-12-11,43440,21209,64649,15460,4395,19855,12373,18439,21209,39648,2425,5146,2.809831824062096,9.8839590443686
2022-12-10,43421,21167,64588,15500,4411,19911,12342,18393,21167,39560,2412,5117,2.8013548387096776,9.843799591929267
2022-12-09,43354,21112,64466,15504,4387,19891,12322,18357,21112,39469,2407,5106,2.796310629514964,9.882379758377024
2022-12-08,43287,21071,64358,15501,4388,19889,12299,18325,21071,39396,2392,5073,2.792529514224889,9.86485870556062
2022-12-07,43291,21196,64487,15422,4383,19805,12356,18440,21196,39636,2380,5046,2.8070937621579564,9.877024868811317
2022-12-06,43271,21099,64370,15487,4430,19917,12316,18365,21099,39464,2353,4989,2.794020791631691,9.767720090293453
2022-12-05,43219,21008,64227,15560,4392,19952,12280,18309,21008,39317,2338,4958,2.7775706940874034,9.840391621129326
2022-12-04,43201,21021,64222,15551,4400,19951,12285,18302,21021,39323,2333,4948,2.7780207060639186,9.81840909090909
2022-12-02,43162,21051,64213,15487,4401,19888,12295,18312,21051,39363,2341,4962,2.786982630593401,9.80731651897296
2022-12-01,43091,20920,64011,15551,4406,19957,12221,18188,20920,39108,2332,4946,2.770947205967462,9.780072628234226
2022-11-30,43157,20918,64075,15606,4408,20014,12229,18201,20918,39119,2329,4942,2.7654107394591825,9.790607985480944
2022-11-29,43174,20891,64065,15646,4419,20065,12220,18177,20891,39068,2324,4932,2.759427329668925,9.770083729350532
2022-11-28,43154,20885,64039,15613,4420,20033,12222,18164,20885,39049,2337,4957,2.763978735668994,9.763348416289594
2022-11-27,43046,20860,63906,15565,4424,19989,12205,18132,20860,38992,2322,4925,2.7655637648570512,9.730108499095842
2022-11-26,43032,20898,63930,15552,4407,19959,12223,18159,20898,39057,2318,4914,2.7669753086419755,9.764465622872702
2022-11-25,43119,20875,63994,15618,4421,20039,12210,18147,20875,39022,2328,4933,2.760852862082213,9.75322325265777
2022-11-24,43065,20881,63946,15586,4379,19965,12218,18141,20881,39022,2341,4959,2.76305658924676,9.834437086092715
2022-11-23,43032,20801,63833,15593,4408,20001,12170,18080,20801,38881,2337,4951,2.7596998653241838,9.762250453720508
2022-11-22,43235,20880,64115,15723,4427,20150,12226,18148,20880,39028,2331,4937,2.749793296444699,9.766207363903321
2022-11-21,43277,20794,64071,15791,4429,20220,12178,18081,20794,38875,2347,4976,2.7406117408650497,9.77128019869045
2022-11-20,43255,20855,64110,15725,4428,20153,12205,18104,20855,38959,2358,4998,2.7507154213036564,9.768518518518519
2022-11-19,43130,20829,63959,15674,4394,20068,12211,18103,20829,38932,2340,4959,2.7516906979711626,9.815657715066
2022-11-18,43148,20836,63984,15682,4409,20091,12224,18120,20836,38956,2329,4937,2.7514347659737277,9.786346110229077
2022-11-17,43215,20786,64001,15734,4433,20167,12204,18075,20786,38861,2347,4973,2.7465997203508326,9.74847732912249
2022-11-16,43137,20728,63865,15724,4421,20145,12186,18044,20728,38772,2338,4948,2.74338590689392,9.757294729699163
2022-11-15,43013,20647,63660,15627,4437,20064,12147,17980,20647,38627,2348,4969,2.7524796826006273,9.69416272256029
2022-11-14,42972,20609,63581,15641,4394,20035,12134,17974,20609,38583,2345,4963,2.747394667860111,9.779699590350479
2022-11-13,42999,20660,63659,15601,4410,20011,12164,18012,20660,38672,2349,4976,2.7561694763156206,9.750340136054422
2022-11-12,42934,20632,63566,15563,4396,19959,12157,17998,20632,38630,2350,4977,2.7587226113217245,9.766606005459508
2022-11-11,42895,20545,63440,15582,4415,19997,12117,17938,20545,38483,2342,4960,2.752855859324862,9.715741789354473
2022-11-10,42876,20527,63403,15626,4378,20004,12096,17907,20527,38434,2342,4965,2.743888391142967,9.793513019643672
2022-11-09,42816,20502,63318,15640,4367,20007,12075,17881,20502,38383,2326,4928,2.7375959079283887,9.804442408976414
2022-11-08,42860,20500,63360,15653,4382,20035,12076,17884,20500,38384,2333,4941,2.7381332651887815,9.780921953445915
2022-11-07,42894,20532,63426,15656,4410,20066,12082,17879,20532,38411,2337,4949,2.73978027593255,9.726530612244899
2022-11-06,42866,20585,63451,15610,4392,20002,12106,17919,20585,38504,2335,4945,2.746060217809097,9.760018214936247
2022-11-05,42798,20578,63376,15591,4380,19971,12092,17895,20578,38473,2330,4932,2.745045218395228,9.771232876712329
2022-11-04,42847,20532,63379,15664,4394,20058,12057,17854,20532,38386,2332,4935,2.7353804902962207,9.751251706873008
2022-11-03,42905,20540,63445,15674,4422,20096,12071,17869,20540,38409,2334,4940,2.737335715197142,9.702623247399368
2022-11-02,42896,20530,63426,15682,4385,20067,12064,17865,20530,38395,2343,4964,2.735365387067976,9.782440136830102
2022-11-01,42932,20505,63437,15686,4413,20099,12048,17840,20505,38345,2356,4993,2.7369628968506947,9.728529345116701
2022-10-31,42885,20500,63385,15663,4377,20040,12046,17830,20500,38330,2367,5015,2.7379812296494923,9.797806716929404
2022-10-30,43008,20576,63584,15707,4403,20110,12094,17893,20576,38469,2363,5005,2.7381422295791684,9.767885532591414
2022-10-29,43009,20614,63623,15663,4413,20076,12120,17922,20614,38536,2366,5011,2.745897976122071,9.74597779288466
2022-10-28,43018,20580,63598,15730,4396,20126,12097,17893,20580,38473,2360,4999,2.7347743165924983,9.785714285714286
2022-10-27,43045,20602,63647,15784,4420,20204,12118,17902,20602,38504,2330,4939,2.7271287379624938,9.73868778280543
2022-10-26,43052,20584,63636,15773,4445,20218,12112,17888,20584,38472,2334,4946,2.7294744183097697,9.68548931383577
2022-10-25,43092,20574,63666,15806,4434,20240,12118,17903,20574,38477,2335,4949,2.7263064658990257,9.71853856562923
2022-10-24,43176,20579,63755,15865,4451,20316,12115,17897,20579,38476,2342,4963,2.721462338480933,9.700292069197934
2022-10-23,43059,20627,63686,15769,4410,20179,12154,17941,20627,38568,2332,4939,2.7306106918637836,9.763945578231292
2022-10-22,43045,20676,63721,15726,4419,20145,12181,17971,20676,38647,2328,4929,2.73718682436729,9.740891604435392
2022-10-21,43002,20629,63631,15765,4405,20170,12156,17927,20629,38556,2315,4905,2.727687916270219,9.762088535754824
2022-10-20,43114,20635,63749,15841,4441,20282,12158,17939,20635,38574,2309,4893,2.721671611640679,9.70817383472191
2022-10-19,42993,20585,63578,15773,4434,20207,12130,17904,20585,38489,2303,4882,2.7257338489824385,9.696211096075778
2022-10-18,42918,20591,63509,15748,4432,20180,12131,17870,20591,38461,2297,4868,2.725298450596901,9.683664259927799
2022-10-17,42797,20544,63341,15751,4394,20145,12096,17815,20544,38359,2280,4837,2.7170973271538315,9.739872553482021
2022-10-16,42809,20554,63363,15780,4401,20181,12098,17816,20554,38370,2268,4812,2.7128643852978453,9.727107475573733
2022-10-15,42583,20517,63100,15658,4371,20029,12072,17763,20517,38280,2257,4791,2.7195682718099374,9.742164264470373
2022-10-14,42604,20505,63109,15657,4411,20068,12069,17766,20505,38271,2247,4770,2.7210832215622407,9.658580820675583
2022-10-13,42530,20442,62972,15689,4411,20100,12046,17724,20442,38166,2217,4706,2.7108164956338836,9.64180457946044
2022-10-12,42301,20346,62647,15594,4408,20002,11986,17629,20346,37975,2199,4670,2.712645889444658,9.596415607985481
2022-10-11,42259,20297,62556,15558,4440,19998,11960,17576,20297,37873,2208,4685,2.716223164931225,9.517792792792793
2022-10-10,42056,20118,62174,15554,4443,19997,11873,17424,20118,37542,2187,4635,2.703870387038704,9.465676344812064
2022-10-09,41923,20147,62070,15465,4428,19893,11880,17431,20147,37578,2169,4599,2.7108309085030715,9.467705510388438
2022-10-08,41778,20216,61994,15357,4382,19739,11910,17481,20216,37697,2150,4558,2.7204532135182653,9.534002738475582
2022-10-07,41585,20149,61734,15288,4372,19660,11872,17403,20149,37552,2137,4522,2.7201072736787024,9.511665141811529
2022-10-06,41335,20044,61379,15131,4394,19525,11819,17306,20044,37350,2128,4504,2.731808869208909,9.40714610832954
2022-10-05,41136,19934,61070,15071,4380,19451,11765,17215,19934,37149,2113,4470,2.729480459159976,9.391780821917807
2022-10-04,41107,19898,61005,15052,4440,19492,11746,17172,19898,37070,2100,4443,2.730999202763752,9.258333333333333
2022-10-03,40927,19778,60705,15057,4411,19468,11678,17047,19778,36825,2087,4412,2.718137743242346,9.278394921786443
2022-10-02,40721,19724,60445,15051,4369,19420,11636,16926,19724,36650,2068,4375,2.7055345159790045,9.320439459830625
2022-10-01,40459,19722,60181,14804,4354,19158,11638,16928,19722,36650,2067,4373,2.732977573628749,9.292374827744602
2022-09-30,40327,19681,60008,14839,4317,19156,11605,16873,19681,36554,2031,4298,2.7176359592964485,9.341440815381052
2022-09-29,40088,19600,59688,14702,4346,19048,11558,16788,19600,36388,2007,4252,2.7267038498163516,9.224114127933731
2022-09-28,39885,19534,59419,14632,4336,18968,11514,16719,19534,36253,1981,4198,2.725874794969929,9.198570110701107
2022-09-27,39732,19394,59126,14643,4365,19008,11432,16559,19394,35953,1966,4165,2.713378406064331,9.102405498281787
2022-09-26,39544,19412,58956,14537,4362,18899,11431,16523,19412,35935,1946,4122,2.720231134346839,9.065566254011921
2022-09-25,39484,19414,58898,14517,4358,18875,11436,16512,19414,35926,1933,4097,2.719845698147,9.060119320789353
2022-09-24,39265,19389,58654,14410,4336,18746,11416,16489,19389,35878,1901,4030,2.724843858431645,9.055581180811808
2022-09-23,39136,19308,58444,14387,4343,18730,11354,16387,19308,35695,1896,4019,2.7202335441718217,9.011282523601198
2022-09-22,38892,19260,58152,14258,4332,18590,11344,16342,19260,35602,1871,3960,2.7277317996914014,8.977839335180056
2022-09-21,38796,19242,58038,14270,4295,18565,11325,16315,19242,35557,1850,3916,2.7187105816398036,9.032828870779976
2022-09-20,38622,19121,57743,14237,4308,18545,11255,16204,19121,35325,1828,3873,2.7127906160005617,8.965181058495821
2022-09-19,38396,19045,57441,14134,4315,18449,11216,16100,19045,35145,1818,3847,2.716569973114476,8.898261877172654
2022-09-18,38172,19027,57199,14076,4280,18356,11198,16051,19027,35078,1780,3765,2.711849957374254,8.918691588785046
2022-09-17,37968,18901,56869,14009,4297,18306,11116,15887,18901,34788,1785,3775,2.710257691484046,8.835932045613218
2022-09-16,37842,18821,56663,13948,4301,18249,11078,15807,18821,34628,1791,3786,2.7130771436765126,8.798418972332016
2022-09-15,37601,18733,56334,13857,4292,18149,11024,15723,18733,34456,1764,3729,2.713502201053619,8.76071761416589
2022-09-13,37168,18559,55727,13745,4282,18027,10907,15489,18559,34048,1731,3652,2.7041105856675154,8.680056048575432
2022-09-12,36992,18493,55485,13661,4248,17909,10863,15425,18493,33918,1735,3658,2.7078544762462484,8.708097928436912
2022-09-11,36847,18491,55338,13592,4257,17849,10871,15433,18491,33924,1690,3565,2.7109329017068866,8.655626027719052
2022-09-10,36763,18449,55212,13540,4266,17806,10837,15389,18449,33838,1691,3568,2.7151403249630723,8.61767463666198
2022-09-09,36620,18366,54986,13513,4247,17760,10798,15316,18366,33682,1682,3544,2.7099829793532155,8.622557099128796
2022-09-08,36481,18289,54770,13465,4250,17715,10757,15248,18289,33537,1670,3518,2.7093204604530263,8.583764705882352
2022-09-07,36410,18237,54647,13432,4267,17699,10733,15217,18237,33454,1658,3494,2.710690887432996,8.532927115069135
2022-09-06,36158,18024,54182,13436,4230,17666,10611,15014,18024,33038,1654,3478,2.6911283119976184,8.547990543735224
2022-09-05,36041,18064,54105,13343,4200,17543,10639,15043,18064,33107,1642,3455,2.7011166903994606,8.581190476190477
2022-09-04,35925,18004,53929,13312,4196,17508,10596,14965,18004,32969,1640,3452,2.6986929086538463,8.561725452812203
2022-09-03,35865,18009,53874,13302,4161,17463,10601,14980,18009,32989,1626,3422,2.696211096075778,8.619322278298485
2022-09-02,35798,17924,53722,13285,4184,17469,10548,14906,17924,32830,1628,3423,2.6946179902145277,8.555927342256215
2022-09-01,35793,17889,53682,13324,4202,17526,10530,14871,17889,32760,1616,3396,2.68635544881417,8.518086625416469
2022-08-31,35712,17826,53538,13339,4216,17555,10485,14793,17826,32619,1599,3364,2.6772621635804783,8.470588235294118
2022-08-30,35672,17757,53429,13343,4239,17582,10449,14735,17757,32492,1594,3355,2.673461740238327,8.41519226232602
2022-08-29,35555,17673,53228,13346,4226,17572,10393,14638,17673,32311,1591,3345,2.664094110594935,8.413393279697113
2022-08-28,35426,17652,53078,13319,4188,17507,10376,14594,17652,32246,1581,3325,2.6598092949921166,8.458930276981853
2022-08-27,35193,17557,52750,13207,4169,17376,10335,14530,17557,32087,1563,3287,2.664723252820474,8.441592708083473
2022-08-26,35095,17454,52549,13176,4209,17385,10293,14439,17454,31893,1556,3271,2.663554948391014,8.338085055832739
2022-08-25,34987,17408,52395,13161,4221,17382,10253,14367,17408,31775,1539,3238,2.65838462122939,8.28879412461502
2022-08-24,34939,17382,52321,13116,4239,17355,10255,14374,17382,31756,1525,3210,2.6638456846599574,8.242274121255013
2022-08-23,34771,17269,52040,13048,4217,17265,10188,14288,17269,31557,1529,3218,2.6648528510116494,8.245435143466919
2022-08-22,34720,17220,51940,13048,4203,17251,10146,14213,17220,31433,1549,3256,2.6609442060085837,8.260766119438497
2022-08-21,34509,17233,51742,12940,4163,17103,10155,14200,17233,31433,1524,3206,2.6668469860896447,8.289454720153735
2022-08-20,34245,17221,51466,12800,4087,16887,10144,14189,17221,31410,1508,3169,2.675390625,8.379006606312698
2022-08-19,34338,17205,51543,12861,4145,17006,10124,14152,17205,31357,1511,3180,2.669932353627245,8.284197828709289
2022-08-18,34261,17169,51430,12854,4130,16984,10115,14127,17169,31296,1496,3150,2.66539598568539,8.295641646489104
2022-08-17,34204,17148,51352,12866,4125,16991,10095,14073,17148,31221,1492,3140,2.6584797139748173,8.291878787878789
2022-08-16,34128,17120,51248,12823,4123,16946,10064,14031,17120,31151,1498,3151,2.6614676752709974,8.277467863206404
2022-08-15,34223,17221,51444,12787,4146,16933,10121,14114,17221,31335,1509,3176,2.6763900836787364,8.254462132175592
2022-08-14,33964,17147,51111,12704,4083,16787,10084,14052,17147,31199,1484,3125,2.6734886649874054,8.318393338231692
2022-08-13,33977,17126,51103,12699,4107,16806,10075,14032,17126,31158,1491,3139,2.6755650051185134,8.272948624299975
2022-08-12,33931,17105,51036,12667,4134,16801,10044,13982,17105,31087,1495,3148,2.6786926659824744,8.207789066279632
2022-08-11,33931,17084,51015,12688,4124,16812,10037,13972,17084,31056,1495,3147,2.6742591424968474,8.227691561590689
2022-08-10,33884,17031,50915,12683,4136,16819,10001,13923,17031,30954,1493,3142,2.6716076638019395,8.192456479690522
2022-08-09,33729,16949,50678,12634,4116,16750,9941,13827,16949,30776,1496,3152,2.669700807345259,8.194606413994169
2022-08-08,33725,16933,50658,12627,4132,16759,9932,13818,16933,30751,1495,3148,2.670864021541142,8.16190706679574
2022-08-07,33648,16909,50557,12584,4133,16717,9922,13798,16909,30707,1487,3133,2.673871582962492,8.141301717880474
2022-08-06,33612,16852,50464,12577,4129,16706,9897,13755,16852,30607,1496,3151,2.6724974159179453,8.140469847420682
2022-08-05,33548,16834,50382,12560,4143,16703,9874,13719,16834,30553,1485,3126,2.671019108280255,8.097513878831764
2022-08-04,33581,16827,50408,12594,4144,16738,9869,13705,16827,30532,1491,3138,2.6664284579958712,8.103523166023166
2022-08-03,33480,16806,50286,12575,4112,16687,9852,13668,16806,30474,1484,3125,2.6624254473161035,8.142023346303501
2022-08-02,33455,16753,50208,12597,4118,16715,9809,13611,16753,30364,1486,3129,2.655791061363817,8.12408936376882
2022-08-01,33368,16729,50097,12572,4114,16686,9790,13569,16729,30298,1479,3113,2.654152083996182,8.110841030627126
2022-07-31,33270,16765,50035,12482,4099,16581,9810,13601,16765,30366,1468,3088,2.665438231052716,8.116613808245914
2022-07-30,33213,16680,49893,12483,4068,16551,9771,13548,16680,30228,1480,3114,2.660658495553953,8.164454277286136
2022-07-29,33265,16658,49923,12513,4122,16635,9753,13522,16658,30180,1477,3108,2.658435227363542,8.07011159631247
2022-07-28,33191,16612,49803,12509,4128,16637,9714,13454,16612,30066,1473,3100,2.653369573906787,8.040455426356589
2022-07-27,33157,16564,49721,12540,4133,16673,9687,13397,16564,29961,1467,3087,2.6440988835725676,8.022501814662473
2022-07-26,33102,16514,49616,12534,4143,16677,9659,13348,16514,29862,1463,3077,2.6409765438008614,7.9898624185372915
2022-07-25,32919,16421,49340,12461,4110,16571,9616,13278,16421,29699,1460,3070,2.6417622983709173,8.00948905109489
2022-07-24,32782,16411,49193,12406,4082,16488,9607,13252,16411,29663,1446,3042,2.6424310817346446,8.030867221950025
2022-07-23,32680,16362,49042,12343,4086,16429,9584,13214,16362,29576,1444,3037,2.6476545410354047,7.998042094958395
2022-07-22,32606,16285,48891,12321,4110,16431,9542,13137,16285,29422,1446,3038,2.6463761058355653,7.933333333333334
2022-07-21,32635,16265,48900,12332,4141,16473,9520,13103,16265,29368,1456,3059,2.6463671748297113,7.880946631248491
2022-07-20,32474,16162,48636,12334,4126,16460,9446,12992,16162,29154,1438,3022,2.632884708934652,7.870576829859428
2022-07-19,32477,16160,48637,12314,4120,16434,9445,12986,16160,29146,1453,3057,2.6374045801526718,7.8827669902912625
2022-07-18,32363,16090,48453,12313,4095,16408,9404,12916,16090,29006,1445,3039,2.6283602696337205,7.903052503052503
2022-07-17,32165,16023,48188,12246,4042,16288,9375,12862,16023,28885,1433,3015,2.626571941858566,7.957694210786739
2022-07-16,32072,16030,48102,12172,4040,16212,9379,12852,16030,28882,1429,3008,2.6348997699638517,7.938613861386139
2022-07-15,32095,16057,48152,12117,4028,16145,9415,12906,16057,28963,1446,3044,2.6487579433853266,7.967974180734856
2022-07-14,32080,16047,48127,12102,4062,16164,9400,12896,16047,28943,1436,3020,2.6508015204098494,7.897587395371738
2022-07-13,31861,15997,47858,11971,4039,16010,9370,12845,15997,28842,1432,3006,2.661515328711052,7.88833869769745
2022-07-12,31866,15943,47809,12046,4044,16090,9339,12780,15943,28723,1428,2996,2.645359455420887,7.879821958456973
2022-07-11,31964,15992,47956,12079,4054,16133,9359,12804,15992,28796,1442,3027,2.646245550128322,7.884558460779477
2022-07-10,32125,16003,48128,12250,4049,16299,9365,12801,16003,28804,1441,3025,2.622448979591837,7.934057792047419
2022-07-09,32225,16006,48231,12316,4083,16399,9366,12801,16006,28807,1441,3025,2.6165151023059434,7.892481018858683
2022-07-08,32323,16014,48337,12360,4133,16493,9369,12805,16014,28819,1441,3025,2.6151294498381876,7.82071134768933
2022-07-07,32108,15907,48015,12297,4124,16421,9294,12706,15907,28613,1420,2981,2.6110433439050174,7.785645004849661
2022-07-06,32011,15870,47881,12272,4099,16371,9266,12663,15870,28533,1416,2977,2.6084582790091266,7.809465723347158
2022-07-05,31975,15841,47816,12262,4091,16353,9249,12634,15841,28475,1422,2988,2.607649649323112,7.815937423612809
2022-07-04,31784,15877,47661,12146,4003,16149,9278,12666,15877,28543,1412,2969,2.6168285855425655,7.940044966275294
2022-07-03,31796,15835,47631,12158,4036,16194,9253,12637,15835,28472,1410,2965,2.6152327685474583,7.878097125867195
2022-07-02,31731,15782,47513,12170,4032,16202,9217,12570,15782,28352,1408,2959,2.6073130649137224,7.869791666666667
2022-07-01,31714,15742,47456,12179,4046,16225,9202,12542,15742,28284,1402,2947,2.60399047540849,7.838358872960949
2022-06-30,31755,15685,47440,12233,4068,16301,9181,12492,15685,28177,1408,2962,2.5958472982915066,7.806047197640118
2022-06-29,31751,15630,47381,12284,4085,16369,9136,12437,15630,28067,1401,2945,2.584744382937154,7.772582619339046
2022-06-28,31687,15608,47295,12253,4096,16349,9117,12400,15608,28008,1398,2938,2.586060556598384,7.736083984375
2022-06-27,31700,15585,47285,12232,4104,16336,9121,12401,15585,27986,1410,2963,2.5915631131458468,7.724171539961014
2022-06-26,31504,15593,47097,12130,4050,16180,9121,12388,15593,27981,1396,2936,2.59719703215169,7.778765432098766
2022-06-25,31415,15518,46933,12119,4058,16177,9073,12312,15518,27830,1392,2926,2.5922105784305636,7.741498275012321
2022-06-24,31452,15546,46998,12130,4073,16203,9077,12323,15546,27869,1393,2926,2.5929101401483923,7.72207218266634
2022-06-23,31493,15502,46995,12181,4126,16307,9039,12266,15502,27768,1390,2920,2.5854199162630325,7.632816286960737
2022-06-22,31481,15425,46906,12220,4130,16350,8993,12198,15425,27623,1396,2933,2.576186579378069,7.622518159806296
2022-06-21,31485,15428,46913,12229,4101,16330,9004,12205,15428,27633,1404,2950,2.574617711996075,7.677395757132406
2022-06-20,31347,15432,46779,12138,4069,16207,9011,12207,15432,27639,1396,2933,2.5825506673257537,7.703858441877611
2022-06-19,31322,15423,46745,12161,4045,16206,9003,12196,15423,27619,1389,2920,2.5756105583422415,7.743386897404203
2022-06-18,31232,15338,46570,12099,4079,16178,8961,12134,15338,27472,1389,2920,2.581370361186875,7.656778622211326
2022-06-17,31226,15306,46532,12109,4071,16180,8946,12106,15306,27412,1399,2940,2.5787430836567844,7.6703512650454435
2022-06-16,31309,15234,46543,12199,4104,16303,8906,12055,15234,27289,1404,2951,2.566521846052955,7.628898635477583
2022-06-15,31307,15274,46581,12177,4103,16280,8924,12078,15274,27352,1404,2949,2.570994497823766,7.630270533755788
2022-06-14,31252,15249,46501,12194,4084,16278,8914,12055,15249,27304,1388,2919,2.5628997867803838,7.6523016650342806
2022-06-13,31272,15260,46532,12226,4076,16302,8909,12038,15260,27298,1393,2932,2.557827580566007,7.672227674190383
2022-06-12,31094,15293,46387,12158,3983,16141,8922,12037,15293,27330,1386,2916,2.5574930087185392,7.806678383128295
2022-06-11,31273,15294,46567,12230,4048,16278,8924,12037,15294,27331,1407,2958,2.557072771872445,7.725543478260869
2022-06-10,31136,15228,46364,12199,4036,16235,8886,11972,15228,27200,1393,2929,2.5523403557668662,7.714568880079287
2022-06-09,31262,15240,46502,12261,4067,16328,8901,11995,15240,27235,1398,2939,2.5497104640730774,7.686746987951807
2022-06-08,31228,15235,46463,12277,4054,16331,8896,11974,15235,27209,1391,2923,2.5436181477559665,7.703009373458313
2022-06-07,31238,15212,46450,12303,4055,16358,8889,11957,15212,27169,1390,2923,2.5390555149150615,7.703575832305796
2022-06-06,31200,15181,46381,12266,4037,16303,8874,11944,15181,27125,1406,2953,2.5436165008967877,7.728511270745603
2022-06-05,31097,15163,46260,12236,4003,16239,8864,11928,15163,27091,1394,2930,2.541435109512913,7.768423682238321
2022-06-04,30992,15134,46126,12170,4007,16177,8846,11898,15134,27032,1388,2917,2.5465899753492196,7.734464686798104
2022-06-03,31034,15162,46196,12258,3945,16203,8858,11918,15162,27080,1388,2913,2.5317343775493555,7.866666666666666
2022-06-02,31220,15131,46351,12314,4068,16382,8841,11893,15131,27024,1401,2945,2.5353256456066267,7.674532940019666
2022-06-01,31128,15050,46178,12302,4051,16353,8797,11823,15050,26873,1404,2952,2.530320273126321,7.684028634904962
2022-05-31,31065,14988,46053,12282,4045,16327,8758,11773,14988,26761,1411,2965,2.529311187103078,7.6798516687268235
2022-05-30,30993,15069,46062,12215,3993,16208,8802,11820,15069,26889,1411,2965,2.5372902169463774,7.7618332081142
2022-05-29,30962,15023,45985,12246,3988,16234,8776,11774,15023,26797,1405,2954,2.528335783112853,7.763791374122367
2022-05-28,30938,14981,45919,12286,3967,16253,8759,11749,14981,26730,1397,2936,2.5181507406804493,7.79884043357701
2022-05-27,30985,15029,46014,12246,4011,16257,8791,11791,15029,26820,1398,2937,2.5302139474114,7.725006232859636
2022-05-26,31029,14993,46022,12312,4034,16346,8770,11751,14993,26744,1397,2932,2.520224171539961,7.691869112543381
2022-05-25,31095,15041,46136,12336,4024,16360,8803,11791,15041,26832,1403,2944,2.520671206225681,7.727385685884692
2022-05-24,31064,14977,46041,12385,4020,16405,8760,11725,14977,26702,1396,2934,2.508195397658458,7.727363184079602
2022-05-23,31018,14948,45966,12363,4009,16372,8744,11697,14948,26645,1405,2949,2.508937960042061,7.737091544025942
2022-05-22,30986,15008,45994,12337,3983,16320,8758,11719,15008,26727,1403,2947,2.5116316770689795,7.779563143359277
2022-05-21,30884,14931,45815,12307,3978,16285,8713,11658,14931,26589,1400,2941,2.509466157471358,7.763700351935646
2022-05-20,30960,14910,45870,12392,3998,16390,8709,11646,14910,26556,1392,2924,2.49838605551969,7.743871935967984
2022-05-19,30991,14947,45938,12390,4025,16415,8714,11646,14947,26593,1396,2930,2.5012913640032286,7.6996273291925466
2022-05-18,31003,14929,45932,12396,4023,16419,8706,11633,14929,26562,1407,2951,2.5010487253952887,7.706437981605767
2022-05-17,30981,14920,45901,12431,4023,16454,8691,11604,14920,26524,1391,2923,2.492237149062827,7.700969425801641
2022-05-16,30918,14914,45832,12358,4015,16373,8683,11600,14914,26514,1403,2945,2.5018611425797053,7.700622665006227
2022-05-15,30894,15020,45914,12309,3981,16290,8737,11671,15020,26691,1396,2933,2.509870826224714,7.760361718161266
2022-05-14,30850,15005,45855,12342,3918,16260,8733,11669,15005,26674,1390,2921,2.4995948792740235,7.873915262889229
2022-05-13,30819,14941,45760,12311,3959,16270,8699,11614,14941,26555,1398,2935,2.5033709690520674,7.784541550896691
2022-05-12,30921,14923,45844,12384,4007,16391,8686,11591,14923,26514,1400,2939,2.4968507751937983,7.7167456950336915
2022-05-11,30921,14921,45842,12428,4015,16443,8668,11567,14921,26488,1387,2911,2.4880109430318633,7.701369863013698
2022-05-10,30850,14871,45721,12436,3989,16425,8633,11517,14871,26388,1387,2908,2.4807011900932774,7.733767861619453
2022-05-09,30830,14836,45666,12453,3994,16447,8601,11461,14836,26297,1394,2922,2.4757086645788164,7.719078617926891
2022-05-08,30733,14820,45553,12381,3989,16370,8601,11451,14820,26271,1390,2912,2.4822712220337615,7.704437202306343
2022-05-07,30815,14872,45687,12427,3984,16411,8633,11496,14872,26368,1387,2908,2.479681339019876,7.7346887550200805
2022-05-06,30885,14893,45778,12445,4010,16455,8641,11504,14893,26397,1396,2926,2.4817195660907996,7.701995012468828
2022-05-05,30801,14862,45663,12410,4005,16415,8614,11471,14862,26333,1391,2915,2.4819500402900885,7.69063670411985
2022-05-04,30915,14863,45778,12504,4037,16541,8619,11462,14863,26325,1392,2912,2.472408829174664,7.657914292791677
2022-05-03,30841,14811,45652,12478,4025,16503,8582,11420,14811,26231,1394,2918,2.4716300689213013,7.662360248447205
2022-05-02,30845,14731,45576,12508,4024,16532,8555,11367,14731,26098,1408,2946,2.4660217460825073,7.665258449304175
2022-05-01,30737,14765,45502,12414,3974,16388,8587,11413,14765,26178,1404,2936,2.4759948445303688,7.734524408656266
2022-04-30,30610,14776,45386,12345,3956,16301,8569,11385,14776,26161,1398,2924,2.479546375050628,7.737613751263903
2022-04-29,30770,14824,45594,12413,3979,16392,8592,11430,14824,26254,1410,2948,2.478852815596552,7.733098768534807
2022-04-28,30943,14831,45774,12551,4022,16573,8595,11429,14831,26260,1406,2941,2.465381244522349,7.693436101442068
2022-04-27,30927,14823,45750,12570,4020,16590,8582,11407,14823,26230,1401,2930,2.460381861575179,7.693283582089553
2022-04-26,30809,14820,45629,12482,4010,16492,8570,11387,14820,26207,1401,2930,2.4682743150136197,7.683042394014962
2022-04-25,30882,14822,45704,12552,4003,16555,8566,11386,14822,26208,1406,2941,2.460325047801147,7.714713964526605
2022-04-24,30674,14765,45439,12442,3967,16409,8537,11337,14765,26102,1399,2928,2.465359266998875,7.73229140408369
2022-04-23,30655,14762,45417,12438,3968,16406,8530,11334,14762,26096,1393,2915,2.464624537707027,7.725554435483871
2022-04-22,30645,14748,45393,12448,3964,16412,8517,11316,14748,26064,1392,2917,2.461841259640103,7.730827447023209
2022-04-21,30732,14702,45434,12542,3999,16541,8490,11279,14702,25981,1390,2912,2.4503269016105884,7.684921230307577
2022-04-20,30737,14678,45415,12548,4024,16572,8473,11253,14678,25931,1390,2912,2.4495537137392414,7.638419483101392
2022-04-19,30705,14643,45348,12553,4022,16575,8467,11219,14643,25862,1389,2911,2.4460288377280333,7.634261561412233
2022-04-19,30705,14643,45348,12553,4022,16575,8467,11219,14643,25862,1389,2911,2.4460288377280333,7.634261561412233
2022-04-18,30665,14574,45239,12587,4005,16592,8426,11160,14574,25734,1390,2913,2.436243743544927,7.656679151061174
2022-04-18,30665,14574,45239,12587,4005,16592,8426,11160,14574,25734,1390,2913,2.436243743544927,7.656679151061174
2022-04-17,30510,14574,45084,12486,3963,16449,8418,11146,14574,25720,1392,2915,2.4435367611725134,7.698713096139288
2022-04-17,30510,14574,45084,12486,3963,16449,8418,11146,14574,25720,1392,2915,2.4435367611725134,7.698713096139288
2022-04-16,30474,14582,45056,12427,3972,16399,8428,11166,14582,25748,1389,2909,2.452241087953649,7.672205438066465
2022-04-15,30502,14592,45094,12417,3995,16412,8442,11186,14592,25778,1385,2904,2.4564709672223564,7.635043804755945
2022-04-14,30625,14604,45229,12513,4002,16515,8449,11188,14604,25792,1393,2922,2.4474546471669463,7.652423788105947
2022-04-13,30693,14679,45372,12529,4011,16540,8493,11236,14679,25915,1391,2917,2.4497565647697344,7.652206432311145
2022-04-12,30742,14740,45482,12532,3996,16528,8533,11289,14740,26029,1395,2925,2.453080114905841,7.693193193193193
2022-04-11,30791,14696,45487,12607,3991,16598,8494,11239,14696,25935,1408,2954,2.4423732846831125,7.715108995239288
2022-04-10,30800,14686,45486,12636,3980,16616,8503,11243,14686,25929,1402,2941,2.437480215257993,7.738693467336684
2022-04-09,30594,14665,45259,12498,3945,16443,8488,11224,14665,25889,1395,2927,2.4479116658665387,7.755133079847909
2022-04-08,30648,14691,45339,12523,3947,16470,8509,11262,14691,25953,1390,2916,2.4473369001038088,7.764884722574107
2022-04-07,30792,14669,45461,12623,3987,16610,8490,11243,14669,25912,1400,2939,2.439356729778975,7.7231000752445444
2022-04-06,30814,14660,45474,12636,3994,16630,8487,11232,14660,25892,1407,2952,2.438588160810383,7.71507260891337
2022-04-05,30716,14636,45352,12605,3979,16584,8475,11207,14636,25843,1394,2925,2.436810789369298,7.719527519477255
2022-04-04,30732,14656,45388,12568,4000,16568,8489,11223,14656,25879,1402,2941,2.4452577975811587,7.683
2022-04-03,30634,14658,45292,12496,3998,16494,8490,11219,14658,25877,1392,2921,2.4515044814340587,7.662331165582791
2022-04-02,30464,14636,45100,12388,3951,16339,8473,11199,14636,25835,1394,2926,2.4591540200193736,7.710453049860795
2022-04-01,30542,14647,45189,12438,3987,16425,8473,11196,14647,25843,1392,2921,2.455539475799968,7.660396287935791
2022-03-31,30681,14637,45318,12536,4034,16570,8462,11182,14637,25819,1396,2929,2.447431397574984,7.6056023797719385
2022-03-30,30726,14560,45286,12588,4046,16634,8428,11142,14560,25702,1406,2950,2.440896091515729,7.594167078596144
2022-03-29,30715,14525,45240,12635,4060,16695,8411,11113,14525,25638,1385,2907,2.4309457855164225,7.565270935960591
2022-03-28,30746,14570,45316,12608,4059,16667,8428,11145,14570,25715,1399,2934,2.4386104060913705,7.574772111357477
2022-03-27,30611,14565,45176,12514,4046,16560,8421,11134,14565,25699,1391,2917,2.446140322838421,7.5657439446366785
2022-03-26,30525,14559,45084,12461,4016,16477,8416,11129,14559,25688,1391,2919,2.4496428858037076,7.600846613545817
2022-03-25,30598,14593,45191,12462,4028,16490,8440,11161,14593,25754,1406,2947,2.455304124538597,7.596325719960278
2022-03-24,30692,14610,45302,12571,4032,16603,8447,11153,14610,25763,1400,2936,2.441492323601941,7.612103174603175
2022-03-23,30677,14584,45261,12571,4053,16624,8428,11126,14584,25710,1396,2927,2.4402991011057193,7.568961263261781
2022-03-22,30632,14586,45218,12535,4031,16566,8425,11121,14586,25707,1405,2945,2.4437175907459117,7.599106921359464
2022-03-21,30670,14664,45334,12498,4011,16509,8478,11209,14664,25873,1408,2952,2.4539926388222115,7.646472201446024
2022-03-20,30632,14668,45300,12510,3991,16501,8477,11212,14668,25880,1392,2919,2.4486011191047163,7.675269356051115
2022-03-19,30492,14646,45138,12424,3957,16381,8464,11189,14646,25835,1393,2922,2.4542820347714103,7.705837755875663
2022-03-18,30498,14613,45111,12429,3987,16416,8446,11171,14613,25784,1387,2911,2.453777455949795,7.649360421369451
2022-03-17,30628,14604,45232,12501,4042,16543,8448,11165,14604,25769,1392,2920,2.4500439964802814,7.577436912419595
2022-03-16,30575,14561,45136,12477,4033,16510,8435,11149,14561,25710,1389,2916,2.4505089364430552,7.581205058269278
2022-03-15,30623,14535,45158,12471,4071,16542,8428,11148,14535,25683,1396,2933,2.455536845481517,7.5222304102186195
2022-03-15,30623,14535,45158,12471,4071,16542,8428,11148,14535,25683,1396,2933,2.455536845481517,7.5222304102186195
2022-03-14,30765,14544,45309,12557,4076,16633,8435,11158,14544,25702,1417,2974,2.450027872899578,7.547841020608439
2022-03-14,30765,14544,45309,12557,4076,16633,8435,11158,14544,25702,1417,2974,2.450027872899578,7.547841020608439
2022-03-13,30715,14546,45261,12526,4059,16585,8429,11159,14546,25705,1415,2971,2.452099632763851,7.567134762256713
2022-03-13,30715,14546,45261,12526,4059,16585,8429,11159,14546,25705,1415,2971,2.452099632763851,7.567134762256713
2022-03-12,30722,14537,45259,12579,4035,16614,8417,11140,14537,25677,1414,2968,2.4423245091024723,7.613878562577447
2022-03-11,30677,14571,45248,12532,4019,16551,8435,11159,14571,25730,1414,2967,2.44789339291414,7.632993281910923
2022-03-10,30681,14500,45181,12543,4060,16603,8391,11103,14500,25603,1418,2975,2.44606553456111,7.5568965517241375
2022-03-09,30802,14533,45335,12630,4086,16716,8401,11110,14533,25643,1419,2976,2.4387965162311955,7.538423886441508
2022-03-08,30702,14511,45213,12566,4054,16620,8394,11104,14511,25615,1421,2978,2.4432595893681364,7.573260976813025
2022-03-07,30715,14576,45291,12552,4037,16589,8410,11125,14576,25701,1433,3001,2.44702039515615,7.608372553876641
2022-03-06,30571,14628,45199,12450,3993,16443,8449,11178,14628,25806,1408,2950,2.4555020080321284,7.656148259454045
2022-03-05,30553,14629,45182,12445,3992,16437,8447,11176,14629,25805,1403,2940,2.4550421856167137,7.653557114228457
2022-03-04,30642,14607,45249,12478,4019,16497,8441,11163,14607,25770,1424,2982,2.4556820003205644,7.6242846479223685
2022-03-03,30675,14601,45276,12518,4043,16561,8440,11152,14601,25753,1414,2962,2.4504713212973317,7.587187731882266
2022-03-02,30776,14593,45369,12588,4079,16667,8439,11141,14593,25734,1417,2968,2.4448681283762315,7.544986516303015
2022-03-01,30726,14563,45289,12550,4071,16621,8432,11123,14563,25686,1424,2982,2.4482868525896415,7.54753131908622
2022-02-28,30816,14560,45376,12626,4067,16693,8433,11122,14560,25682,1433,3001,2.440677966101695,7.577083845586428
2022-02-27,30828,14627,45455,12612,4061,16673,8464,11174,14627,25801,1424,2981,2.444338725023787,7.591233686284166
2022-02-26,30768,14615,45383,12568,4055,16623,8459,11170,14615,25785,1422,2975,2.4481222151495863,7.58766954377312
2022-02-25,30779,14546,45325,12609,4074,16683,8425,11123,14546,25669,1419,2973,2.4410341819335395,7.554982817869416
2022-02-24,30755,14470,45225,12603,4092,16695,8390,11080,14470,25550,1423,2980,2.44029199396969,7.515884652981427
2022-02-23,30777,14476,45253,12604,4095,16699,8389,11075,14476,25551,1434,3003,2.4418438590923515,7.515750915750916
2022-02-22,30819,14507,45326,12620,4082,16702,8394,11101,14507,25608,1440,3016,2.4420760697305863,7.549975502204801
2022-02-21,30793,14531,45324,12649,4035,16684,8393,11101,14531,25632,1437,3008,2.434421693414499,7.631474597273853
2022-02-20,30712,14510,45222,12624,4005,16629,8386,11085,14510,25595,1432,2998,2.4328263624841573,7.668414481897628
2022-02-19,30632,14557,45189,12519,3998,16517,8425,11132,14557,25689,1425,2983,2.446840801980989,7.661830915457728
2022-02-18,30640,14517,45157,12554,4003,16557,8401,11098,14517,25615,1426,2985,2.4406563645053367,7.654259305520859
2022-02-17,30706,14518,45224,12604,4015,16619,8387,11091,14518,25609,1431,2996,2.4362107267534117,7.647820672478207
2022-02-17,30706,14518,45224,12604,4015,16619,8387,11091,14518,25609,1431,2996,2.4362107267534117,7.647820672478207
2022-02-16,30722,14462,45184,12625,4037,16662,8359,11055,14462,25517,1437,3005,2.4334257425742574,7.610106514738668
2022-02-15,30718,14429,45147,12642,4032,16674,8338,11025,14429,25454,1443,3019,2.4298370510995095,7.618551587301587
2022-02-14,30774,14521,45295,12607,4021,16628,8400,11095,14521,25616,1458,3051,2.4410248274767987,7.653320069634419
2022-02-13,30734,14576,45310,12564,4016,16580,8432,11137,14576,25713,1441,3017,2.4461954791467684,7.652888446215139
2022-02-12,30586,14558,45144,12472,3984,16456,8415,11115,14558,25673,1440,3015,2.4523733162283516,7.677208835341365
2022-02-11,30524,14530,45054,12439,4007,16446,8408,11089,14530,25619,1427,2989,2.45389500763727,7.617669079111555
2022-02-10,30612,14476,45088,12565,4008,16573,8371,11042,14476,25518,1432,2997,2.4362912853163547,7.637724550898204
2022-02-09,30695,14578,45273,12555,4012,16567,8424,11124,14578,25702,1437,3004,2.4448426921545203,7.650797607178465
2022-02-08,30630,14532,45162,12561,3991,16552,8401,11092,14532,25624,1428,2986,2.438500119417244,7.674768228514157
2022-02-07,30660,14533,45193,12592,3959,16551,8406,11108,14533,25641,1436,3001,2.434879288437103,7.744379893912604
2022-02-06,30772,14634,45406,12608,3968,16576,8465,11181,14634,25815,1443,3015,2.4406725888324874,7.755040322580645
2022-02-05,30584,14608,45192,12500,3929,16429,8455,11162,14608,25770,1432,2993,2.44672,7.784168999745482
2022-02-04,30622,14592,45214,12503,3972,16475,8450,11151,14592,25743,1433,2996,2.4491721986723185,7.709466263846928
2022-02-03,30635,14591,45226,12490,3981,16471,8458,11162,14591,25753,1437,3002,2.452762209767814,7.695302687766893
2022-02-02,30678,14586,45264,12553,3985,16538,8448,11157,14586,25743,1428,2983,2.443877957460368,7.698368883312422
2022-02-01,30700,14506,45206,12565,4037,16602,8409,11101,14506,25607,1436,2997,2.4432948666931953,7.6046569234580135
2022-01-31,30733,14583,45316,12533,4046,16579,8442,11147,14583,25730,1442,3007,2.4521662810181124,7.595897182402373
2022-01-30,30771,14595,45366,12614,4014,16628,8440,11155,14595,25750,1433,2988,2.4394323767242745,7.665919282511211
2022-01-29,30826,14637,45463,12635,4020,16655,8474,11199,14637,25836,1425,2972,2.4397309062129007,7.6681592039801
2022-01-28,30845,14670,45515,12618,4045,16663,8487,11213,14670,25883,1424,2969,2.444523696306863,7.625463535228677
2022-01-27,30872,14648,45520,12656,4040,16696,8480,11193,14648,25841,1431,2983,2.439317319848293,7.641584158415841
2022-01-26,30844,14592,45436,12678,4052,16730,8431,11139,14592,25731,1427,2975,2.43287584792554,7.612043435340572
2022-01-25,30802,14565,45367,12626,4074,16700,8426,11124,14565,25689,1428,2978,2.439569143038175,7.5606283750613645
2022-01-24,30857,14641,45498,12624,4066,16690,8465,11169,14641,25810,1437,2998,2.444312420785805,7.58903098868667
2022-01-23,30749,14597,45346,12570,4042,16612,8445,11144,14597,25741,1435,2993,2.4462211614956244,7.6073725878278085
2022-01-22,30810,14586,45396,12625,4067,16692,8440,11140,14586,25726,1427,2978,2.4403960396039603,7.575608556675682
2022-01-21,30738,14554,45292,12571,4082,16653,8414,11111,14554,25665,1425,2974,2.44515153925702,7.530132288094071
2022-01-20,30811,14590,45401,12619,4070,16689,8446,11143,14590,25733,1428,2979,2.441635628813694,7.57027027027027
2022-01-19,30715,14548,45263,12571,4055,16626,8418,11116,14548,25664,1423,2973,2.4433219314294807,7.574599260172627
2022-01-18,30853,14597,45450,12616,4079,16695,8455,11162,14597,25759,1434,2996,2.4455453392517437,7.563863692081393
2022-01-17,30820,14609,45429,12571,4070,16641,8460,11161,14609,25770,1443,3018,2.4516744889030306,7.572481572481572
2022-01-16,30740,14588,45328,12512,4068,16580,8447,11147,14588,25735,1440,3013,2.456841432225064,7.556538839724681
2022-01-15,30755,14573,45328,12544,4076,16620,8438,11132,14573,25705,1435,3003,2.451769770408163,7.545387634936212
2022-01-14,30733,14559,45292,12533,4078,16611,8421,11109,14559,25668,1440,3013,2.4521662810181124,7.536292300147131
2022-01-13,30714,14621,45335,12514,4043,16557,8456,11151,14621,25772,1437,3006,2.4543711043631133,7.596834034133069
2022-01-13,30714,14621,45335,12514,4043,16557,8456,11151,14621,25772,1437,3006,2.4543711043631133,7.596834034133069
2022-01-11,30739,14602,45341,12563,4040,16603,8437,11123,14602,25725,1442,3013,2.4467881875348243,7.608663366336634
2022-01-10,30685,14558,45243,12520,4058,16578,8417,11098,14558,25656,1440,3009,2.4508785942492013,7.561606702809265
2022-01-09,30682,14596,45278,12483,4063,16546,8434,11121,14596,25717,1443,3015,2.4579027477369224,7.551562884568053
2022-01-08,30689,14622,45311,12510,4030,16540,8455,11146,14622,25768,1437,3003,2.4531574740207835,7.615136476426799
2022-01-07,30684,14654,45338,12459,4036,16495,8463,11173,14654,25827,1443,3016,2.4627979773657596,7.602576808721507
2022-01-06,30682,14613,45295,12488,4032,16520,8435,11129,14613,25742,1451,3033,2.4569186418962206,7.609623015873016
2022-01-05,30670,14581,45251,12498,4043,16541,8416,11087,14581,25668,1455,3042,2.4539926388222115,7.585951026465496
2022-01-04,30630,14508,45138,12526,4039,16565,8380,11042,14508,25550,1445,3023,2.4453137474053968,7.583560287199802
2022-01-03,30674,14589,45263,12488,4035,16523,8421,11120,14589,25709,1448,3031,2.4562780269058297,7.601982651796778
2022-01-02,30622,14663,45285,12397,4037,16434,8459,11172,14663,25835,1441,3016,2.4701137371944824,7.585335645281149
2022-01-01,30554,14659,45213,12354,3993,16347,8455,11166,14659,25825,1453,3041,2.47320705844261,7.651890808915602
2021-12-31,30400,14596,44996,12269,3978,16247,8430,11126,14596,25722,1447,3027,2.477789550900644,7.6420311714429365
2021-12-30,30644,14601,45245,12444,4057,16501,8417,11112,14601,25713,1449,3031,2.4625522340083577,7.553364555089968
2021-12-29,30687,14612,45299,12497,4062,16559,8413,11102,14612,25714,1445,3026,2.4555493318396415,7.554652880354505
2021-12-28,30665,14574,45239,12481,4098,16579,8384,11056,14574,25630,1447,3030,2.4569345405015626,7.482918496827721
2021-12-27,30788,14576,45364,12536,4079,16615,8413,11106,14576,25682,1465,3067,2.455966815571155,7.547928413826918
2021-12-26,30786,14659,45445,12504,4070,16574,8460,11161,14659,25820,1457,3051,2.462092130518234,7.564127764127764
2021-12-25,30696,14705,45401,12368,4064,16432,8482,11187,14705,25892,1470,3077,2.4818887451487712,7.553149606299213
2021-12-24,30741,14658,45399,12410,4112,16522,8460,11152,14658,25810,1465,3067,2.477115229653505,7.475924124513619
2021-12-23,30897,14674,45571,12534,4133,16667,8467,11152,14674,25826,1470,3078,2.4650550502632838,7.475683522864747
2021-12-20,30931,14665,45596,12561,4127,16688,8463,11140,14665,25805,1481,3103,2.462463179683146,7.4947904046522895
2021-12-19,30926,14737,45663,12561,4090,16651,8511,11201,14737,25938,1467,3074,2.4620651222036463,7.561369193154034
2021-12-18,30853,14772,45625,12482,4086,16568,8520,11214,14772,25986,1467,3071,2.4717993911232172,7.550905531081742
2021-12-17,30839,14773,45612,12450,4083,16533,8526,11217,14773,25990,1476,3089,2.477028112449799,7.553024736713201
2021-12-16,30965,14756,45721,12566,4112,16678,8513,11191,14756,25947,1478,3096,2.464189081648894,7.530398832684825
2021-12-15,30949,14735,45684,12558,4138,16696,8501,11170,14735,25905,1472,3083,2.4644847905717473,7.479217013049783
2021-12-14,31040,14830,45870,12558,4150,16708,8547,11232,14830,26062,1480,3100,2.471731167383341,7.4795180722891565
2021-12-13,31084,14861,45945,12546,4153,16699,8553,11248,14861,26109,1497,3137,2.4776024230830545,7.484709848302432
2021-12-12,31071,14855,45926,12556,4131,16687,8559,11247,14855,26102,1497,3137,2.4745938196877986,7.521423384168482
2021-12-11,30910,14855,45765,12445,4094,16539,8560,11254,14855,26109,1487,3117,2.4837284049819206,7.5500732779677575
2021-12-10,30991,14908,45899,12456,4125,16581,8581,11274,14908,26182,1496,3136,2.488037893384714,7.512969696969697
2021-12-09,31015,14816,45831,12536,4156,16692,8529,11207,14816,26023,1486,3116,2.4740746649649012,7.462704523580366
2021-12-08,31054,14782,45836,12595,4157,16752,8507,11177,14782,25959,1491,3125,2.4655815799920604,7.470291075294684
2021-12-07,31007,14773,45780,12545,4169,16714,8500,11168,14773,25941,1491,3125,2.471662016739737,7.437514991604702
2021-12-06,30991,14787,45778,12534,4146,16680,8498,11164,14787,25951,1502,3147,2.4725546513483327,7.474915581283165
2021-12-05,30943,14802,45745,12466,4137,16603,8516,11198,14802,26000,1500,3142,2.4821915610460454,7.479574570945129
2021-12-04,30901,14787,45688,12459,4120,16579,8512,11190,14787,25977,1495,3132,2.4802151055461916,7.500242718446602
2021-12-03,30872,14725,45597,12449,4140,16589,8484,11152,14725,25877,1495,3131,2.479877901839505,7.4570048309178745
2021-12-02,30944,14727,45671,12510,4150,16660,8496,11160,14727,25887,1491,3124,2.473541167066347,7.456385542168674
2021-12-01,31063,14760,45823,12583,4154,16737,8498,11166,14760,25926,1509,3160,2.4686481761106256,7.477852672123254
2021-11-30,31110,14727,45837,12617,4182,16799,8498,11169,14727,25896,1501,3142,2.465720852817627,7.439024390243903
2021-11-29,31120,14713,45833,12616,4169,16785,8494,11166,14713,25879,1513,3169,2.466708941027267,7.464619812904774
2021-11-28,31022,14714,45736,12563,4132,16695,8500,11157,14714,25871,1514,3170,2.4693146541431186,7.507744433688287
2021-11-27,30978,14726,45704,12527,4122,16649,8514,11181,14726,25907,1503,3148,2.472898539155424,7.5152838427947595
2021-11-26,30919,14790,45709,12420,4122,16542,8550,11228,14790,26018,1503,3149,2.489452495974235,7.500970402717128
2021-11-25,30946,14788,45734,12452,4105,16557,8544,11222,14788,26010,1512,3167,2.485223257308063,7.538611449451888
2021-11-24,31001,14745,45746,12551,4133,16684,8513,11172,14745,25917,1502,3145,2.4700023902477892,7.500846842487297
2021-11-23,31043,14691,45734,12610,4163,16773,8481,11132,14691,25823,1497,3138,2.461776367961935,7.456882056209464
2021-11-22,31069,14769,45838,12560,4165,16725,8528,11182,14769,25951,1509,3162,2.4736464968152867,7.459543817527011
2021-11-22,31069,14769,45838,12560,4165,16725,8528,11182,14769,25951,1509,3162,2.4736464968152867,7.459543817527011
2021-11-21,31028,14728,45756,12577,4132,16709,8511,11153,14728,25881,1511,3166,2.467043015027431,7.50919651500484
2021-11-20,31053,14775,45828,12565,4131,16696,8547,11208,14775,25983,1503,3149,2.4713887783525665,7.5170660856935365
2021-11-19,31010,14795,45805,12546,4130,16676,8545,11198,14795,25993,1496,3136,2.4717041288059938,7.508474576271187
2021-11-18,31101,14781,45882,12577,4155,16732,8545,11196,14781,25977,1514,3173,2.472847260873022,7.4851985559566785
2021-11-17,31179,14804,45983,12604,4181,16785,8554,11202,14804,26006,1523,3192,2.473738495715646,7.457306864386511
2021-11-16,31119,14769,45888,12597,4152,16749,8523,11168,14769,25937,1528,3202,2.4703500833531793,7.494942196531792
2021-11-15,31176,14761,45937,12622,4151,16773,8521,11174,14761,25935,1541,3229,2.4699730629060372,7.510479402553601
2021-11-14,31155,14812,45967,12575,4152,16727,8541,11195,14812,26007,1543,3233,2.477534791252485,7.503612716763006
2021-11-13,31085,14860,45945,12498,4129,16627,8569,11235,14860,26095,1538,3223,2.4871979516722678,7.528457253572293
2021-11-12,31038,14783,45821,12492,4148,16640,8539,11182,14783,25965,1534,3216,2.484630163304515,7.482642237222758
2021-11-11,31107,14812,45919,12537,4164,16701,8537,11186,14812,25998,1536,3220,2.481215601818617,7.470461095100864
2021-11-10,31037,14806,45843,12502,4143,16645,8523,11165,14806,25971,1540,3227,2.4825627899536076,7.491431329954139
2021-11-09,31036,14756,45792,12544,4150,16694,8493,11125,14756,25881,1537,3217,2.474170918367347,7.47855421686747
2021-11-08,31118,14809,45927,12538,4148,16686,8524,11162,14809,25971,1563,3270,2.481895039081193,7.5019286403085825
2021-11-06,31050,14898,45948,12486,4117,16603,8558,11202,14898,26100,1549,3245,2.486785199423354,7.5418994413407825
2021-11-05,31194,14922,46116,12539,4164,16703,8592,11254,14922,26176,1544,3237,2.487758194433368,7.491354466858789
2021-11-04,31285,14903,46188,12641,4172,16813,8582,11243,14903,26146,1541,3229,2.4748833161933392,7.498801534036433
2021-11-03,31190,14840,46030,12553,4175,16728,8562,11220,14840,26060,1547,3242,2.4846650203138694,7.47065868263473
2021-11-02,31127,14852,45979,12490,4161,16651,8559,11218,14852,26070,1555,3258,2.4921537229783826,7.480653689017063
2021-11-01,31094,14822,45916,12476,4147,16623,8541,11196,14822,26018,1563,3275,2.4923052260339853,7.497950325536532
2021-10-31,31023,14887,45910,12386,4113,16499,8591,11257,14887,26144,1559,3267,2.5046827062812853,7.542669584245076
2021-10-30,31111,14893,46004,12455,4127,16582,8596,11259,14893,26152,1560,3270,2.497872340425532,7.538405621516841
2021-10-29,31187,14931,46118,12478,4151,16629,8616,11284,14931,26215,1562,3274,2.499358871614041,7.513129366417731
2021-10-28,31220,14927,46147,12500,4179,16679,8599,11256,14927,26183,1567,3285,2.4976,7.4706867671691795
2021-10-27,31090,14921,46011,12425,4141,16566,8599,11260,14921,26181,1559,3264,2.5022132796780685,7.50784834581019
2021-10-26,31123,14886,46009,12458,4160,16618,8579,11237,14886,26123,1559,3268,2.4982340664633167,7.481490384615385
2021-10-25,31042,14865,45907,12461,4032,16493,8578,11237,14865,26102,1579,3312,2.491132332878581,7.69890873015873
2021-10-24,31200,14973,46173,12451,4126,16577,8640,11319,14973,26292,1576,3304,2.505822825475865,7.56180319922443
2021-10-23,31100,14976,46076,12346,4113,16459,8639,11319,14976,26295,1584,3322,2.5190345051028675,7.561390712375395
2021-10-22,31052,14961,46013,12322,4117,16439,8624,11306,14961,26267,1578,3307,2.5200454471676674,7.542385231965023
2021-10-21,31102,14937,46039,12365,4148,16513,8611,11285,14937,26222,1577,3304,2.515325515568136,7.4980713596914175
2021-10-21,31102,14937,46039,12365,4148,16513,8611,11285,14937,26222,1577,3304,2.515325515568136,7.4980713596914175
2021-10-20,31087,14930,46017,12379,4135,16514,8604,11275,14930,26205,1575,3298,2.511269084740286,7.518016928657799
2021-10-19,31120,14906,46026,12453,4120,16573,8585,11248,14906,26154,1575,3299,2.498996225809042,7.553398058252427
2021-10-18,31085,14900,45985,12410,4108,16518,8592,11260,14900,26160,1577,3307,2.5048348106365834,7.566942551119766
2021-10-17,31088,14949,46037,12406,4081,16487,8613,11287,14949,26236,1580,3314,2.505884249556666,7.617740749816222
2021-10-16,30938,14972,45910,12295,4075,16370,8615,11288,14972,26260,1563,3280,2.5163074420496137,7.592147239263804
2021-10-15,30984,14938,45922,12312,4084,16396,8604,11273,14938,26211,1580,3315,2.516569200779727,7.58667972575906
2021-10-14,31068,14911,45979,12373,4101,16474,8590,11270,14911,26181,1584,3324,2.510951264850885,7.575713240673006
2021-10-13,31159,14955,46114,12420,4123,16543,8614,11296,14955,26251,1581,3320,2.5087761674718196,7.557361144797477
2021-10-12,31029,14857,45886,12374,4115,16489,8554,11221,14857,26078,1581,3319,2.5075965734604817,7.540461725394897
2021-10-11,31049,14851,45900,12417,4099,16516,8547,11217,14851,26068,1580,3316,2.500523475879842,7.574774335203708
2021-10-10,31010,14907,45917,12326,4098,16424,8585,11272,14907,26179,1581,3314,2.515820217426578,7.567105905319668
2021-10-09,30963,14947,45910,12279,4073,16352,8603,11302,14947,26249,1578,3309,2.5216222819447838,7.602013258040756
2021-10-08,30928,14923,45851,12296,4073,16369,8586,11275,14923,26198,1566,3284,2.5152895250487965,7.593420083476553
2021-10-07,30919,14847,45766,12315,4078,16393,8539,11222,14847,26069,1577,3304,2.510678034916768,7.581902893575282
2021-10-06,30941,14817,45758,12359,4085,16444,8537,11212,14817,26029,1566,3285,2.503519702241282,7.574296205630355
2021-10-05,30943,14839,45782,12349,4090,16439,8540,11212,14839,26051,1569,3292,2.5057089642886066,7.565525672371638
2021-10-04,30903,14797,45700,12321,4109,16430,8516,11189,14797,25986,1565,3284,2.5081568054541026,7.520807982477488
2021-10-03,30818,14863,45681,12210,4088,16298,8545,11228,14863,26091,1569,3292,2.523996723996724,7.538649706457925
2021-10-02,30648,14833,45481,12105,4067,16172,8532,11207,14833,26040,1558,3269,2.5318463444857495,7.535775756085567
2021-10-01,30769,14815,45584,12199,4090,16289,8513,11177,14815,25992,1575,3303,2.522255922616608,7.5229828850855744
2021-09-30,30826,14798,45624,12286,4100,16386,8500,11157,14798,25955,1565,3283,2.5090346736122418,7.518536585365854
2021-09-29,30801,14812,45613,12291,4061,16352,8503,11156,14812,25968,1570,3293,2.505979985355138,7.584585077567102
2021-09-28,30803,14741,45544,12312,4080,16392,8478,11126,14741,25867,1569,3285,2.501868096166342,7.549754901960784
2021-09-27,30827,14789,45616,12272,4076,16348,8495,11161,14789,25950,1585,3318,2.5119784876140807,7.563052011776251
2021-09-26,30764,14750,45514,12261,4079,16340,8471,11125,14750,25875,1575,3299,2.509093874887856,7.542044618779112
2021-09-25,30683,14760,45443,12180,4082,16262,8466,11125,14760,25885,1573,3296,2.519129720853859,7.516658500734934
2021-09-24,30599,14721,45320,12161,4073,16234,8436,11082,14721,25803,1568,3283,2.5161582106734643,7.512644242573042
2021-09-23,30645,14656,45301,12253,4090,16343,8406,11031,14656,25687,1562,3271,2.5010201583285725,7.492665036674817
2021-09-22,30596,14616,45212,12214,4076,16290,8383,11013,14616,25629,1573,3293,2.5049942688717866,7.506378802747792
2021-09-21,30670,14732,45402,12186,4059,16245,8460,11109,14732,25841,1585,3316,2.516822583292303,7.556048287755605
2021-09-20,30611,14653,45264,12161,4064,16225,8412,11053,14653,25706,1592,3333,2.5171449716306227,7.532234251968504
2021-09-19,30598,14707,45305,12124,4038,16162,8452,11116,14707,25823,1585,3320,2.523754536456615,7.577513620604259
2021-09-18,30487,14654,45141,12074,4032,16106,8415,11073,14654,25727,1579,3308,2.5250124233891005,7.561259920634921
2021-09-17,30476,14641,45117,12109,4015,16124,8400,11044,14641,25685,1579,3308,2.516805681724337,7.590535491905355
2021-09-16,30510,14623,45133,12164,4032,16196,8378,11012,14623,25635,1576,3302,2.508220979940809,7.566964285714286
2021-09-15,30485,14617,45102,12149,4034,16183,8378,11007,14617,25624,1573,3295,2.509260021400938,7.557015369360436
2021-09-14,30474,14581,45055,12145,4030,16175,8353,10983,14581,25564,1582,3316,2.5091807328118567,7.561786600496278
2021-09-13,30420,14572,44992,12111,4005,16116,8341,10965,14572,25537,1593,3339,2.511766162992321,7.595505617977528
2021-09-12,30438,14650,45088,12069,3999,16068,8411,11053,14650,25703,1582,3317,2.52199850857569,7.611402850712678
2021-09-11,30370,14659,45029,12008,3988,15996,8416,11063,14659,25722,1579,3311,2.529147235176549,7.615346038114343
2021-09-10,30426,14617,45043,12087,3992,16079,8400,11039,14617,25656,1577,3308,2.5172499379498636,7.621743486973948
2021-09-09,30515,14616,45131,12172,4016,16188,8387,11021,14616,25637,1576,3306,2.5069832402234637,7.598356573705179
2021-09-08,30415,14585,45000,12083,3996,16079,8374,11006,14585,25591,1587,3330,2.517172887527932,7.611361361361362
2021-09-07,30532,14586,45118,12160,3999,16159,8378,11015,14586,25601,1602,3358,2.510855263157895,7.634908727181795
2021-09-06,30334,14536,44870,12029,3970,15999,8354,10979,14536,25515,1601,3356,2.5217391304347827,7.64080604534005
2021-09-05,30404,14604,45008,12043,3981,16024,8388,11024,14604,25628,1601,3356,2.5246201112679563,7.637277066063803
2021-09-04,30325,14570,44895,12013,3972,15985,8371,11007,14570,25577,1591,3333,2.524348622325814,7.634692849949648
